name = Gas Dwarf
object = true
light = 0.0
image = 0.33
minhabitability = -1
ring = 41.38
station = 28.11
flares = 0,0
children = 1,4
childbias = 0.077
size = 0.14,0.33
scale = J
sizebias = 0.281
distance = 4.0,7.0
axisoffset = 0.105

terrain
{
	colors
	{
		0 = 0.68,0.5,0.33
		1 = 0.69,0.57,0.33
		2 = 0.68,0.49,0.39
		3 = 0.68,0.43,0.3
		4 = 0.69,0.61,0.4
		5 = 0.68,0.44,0.39
		6 = 0.67,0.4,0.32
		7 = 0.63,0.46,0.46
		8 = 0.64,0.56,0.64
		9 = 0.58,0.52,0.63
		10 = 0.63,0.45,0.36
		11 = 0.63,0.43,0.28
		12 = 0.63,0.4,0.39
		13 = 0.63,0.38,0.29
		14 = 0.63,0.47,0.41
		15 = 0.54,0.4,0.38
		16 = 0.51,0.52,0.55
		17 = 0.52,0.48,0.55
		18 = 0.47,0.55,0.55
		19 = 0.4,0.55,0.48
		20 = 0.41,0.54,0.55
		21 = 0.67,0.49,0.56
		22 = 0.66,0.43,0.41
		23 = 0.65,0.47,0.33
		24 = 0.71,0.5,0.4
		25 = 0.71,0.44,0.38
		26 = 0.68,0.44,0.34
		27 = 0.68,0.5,0.36
		28 = 0.52,0.49,0.67
		29 = 0.47,0.52,0.53
		30 = 0.43,0.53,0.6
		31 = 0.58,0.65,0.58
		32 = 0.7,0.6,0.61
		33 = 0.51,0.41,0.51
		34 = 0.62,0.7,0.7
		35 = 0.75,0.57,0.62
		36 = 0.67,0.56,0.4
		37 = 0.68,0.56,0.52
		38 = 0.67,0.62,0.61
		39 = 0.68,0.45,0.45
		40 = 0.75,0.59,0.59
		41 = 0.81,0.69,0.6
		42 = 0.65,0.68,0.69
		43 = 0.7,0.7,0.72
		44 = 0.76,0.74,0.73
		45 = 0.7,0.74,0.78
		46 = 0.74,0.69,0.69
		47 = 0.79,0.74,0.68
		48 = 0.73,0.8,0.79
		49 = 0.67,0.54,0.53
		50 = 0.38,0.64,0.64
		51 = 0.53,0.72,0.72
		52 = 0.63,0.73,0.73
		53 = 0.43,0.62,0.62
		54 = 0.49,0.54,0.61
		55 = 0.42,0.58,0.61
		56 = 0.56,0.73,0.68
		57 = 0.47,0.67,0.72
		58 = 0.64,0.68,0.72
		59 = 0.48,0.65,0.72
		60 = 0.58,0.64,0.72
		61 = 0.67,0.73,0.68
		62 = 0.5,0.72,0.69
		63 = 0.49,0.67,0.7
		64 = 0.56,0.61,0.69
		65 = 0.43,0.69,0.65
		66 = 0.55,0.63,0.69
		67 = 0.66,0.63,0.69
		68 = 0.41,0.54,0.67
		69 = 0.37,0.63,0.67
		70 = 0.49,0.68,0.65
		71 = 0.55,0.63,0.74
		72 = 0.43,0.6,0.8
		73 = 0.41,0.5,0.8
		74 = 0.42,0.68,0.81
		75 = 0.6,0.69,0.81
		76 = 0.56,0.72,0.8
		77 = 0.63,0.66,0.8
		78 = 0.74,0.81,0.8
		79 = 0.63,0.81,0.79
		80 = 0.53,0.76,0.73
		81 = 0.47,0.67,0.66
		82 = 0.7,0.76,0.81
		83 = 0.78,0.81,0.89
		84 = 0.7,0.65,0.74
		85 = 0.77,0.83,0.85
		86 = 0.7,0.8,0.83
	}
	cubemap = 2
	emission = 0.0,0.0
	bands = 7,13
	avgcolorblend = 0.748,0.841
	blendpower = 2.83,3.81
	positionfactor = 0.504,0.586
	invertposition = true

	scale
	{
		min = 0.206,2.927,1.485
		max = 0.313,3.363,1.957
	}

	info
	{
		sign = 1,0,0
		min = 1.52,6.82,0.304
		max = 3.07,9.51,0.656
	}
}
