name = Nebula
object = false
size = 2.03,3.68

terrain
{
	colors
	{
		0 = 0.68,0.5,0.33
		1 = 0.69,0.57,0.33
		2 = 0.68,0.49,0.39
		3 = 0.49,0.35,0.43
		4 = 0.74,0.67,0.48
		5 = 0.74,0.56,0.38
		6 = 0.74,0.62,0.53
		7 = 0.76,0.65,0.48
		8 = 0.48,0.38,0.33
		9 = 0.55,0.41,0.39
		10 = 0.6,0.49,0.46
		11 = 0.58,0.45,0.36
		12 = 0.65,0.45,0.34
		13 = 0.61,0.48,0.45
		14 = 0.61,0.42,0.33
		15 = 0.61,0.47,0.39
		16 = 0.55,0.42,0.37
		17 = 0.68,0.52,0.45
		18 = 0.68,0.49,0.39
		19 = 0.71,0.64,0.55
		20 = 0.68,0.55,0.47
		21 = 0.7,0.61,0.58
		22 = 0.71,0.63,0.56
		23 = 0.45,0.38,0.37
		24 = 0.51,0.43,0.42
		25 = 0.56,0.48,0.48
		26 = 0.54,0.45,0.41
		27 = 0.58,0.45,0.41
		28 = 0.56,0.48,0.48
		29 = 0.55,0.42,0.39
		30 = 0.56,0.47,0.43
		31 = 0.51,0.42,0.41
		32 = 0.63,0.52,0.5
		33 = 0.62,0.49,0.46
		34 = 0.7,0.65,0.54
		35 = 0.72,0.69,0.63
		36 = 0.7,0.59,0.62
		37 = 0.67,0.56,0.4
		38 = 0.68,0.56,0.52
		39 = 0.52,0.33,0.45
		40 = 0.68,0.43,0.3
		41 = 0.69,0.61,0.4
		42 = 0.75,0.22,0.35
		43 = 0.76,0.29,0.06
		44 = 0.79,0.3,0.13
		45 = 0.68,0.44,0.39
		46 = 0.67,0.4,0.32
		47 = 0.63,0.46,0.46
		48 = 0.64,0.56,0.64
		49 = 0.58,0.52,0.63
		50 = 0.63,0.45,0.36
		51 = 0.63,0.43,0.28
		52 = 0.63,0.4,0.39
		53 = 0.63,0.38,0.29
		54 = 0.63,0.47,0.41
		55 = 0.54,0.4,0.38
		56 = 0.51,0.52,0.55
		57 = 0.52,0.72,1.0
		58 = 0.4,0.67,1.0
		59 = 0.51,0.7,1.0
		60 = 0.61,0.75,1.0
		61 = 0.54,0.82,1.0
		62 = 0.52,0.48,0.55
		63 = 0.47,0.55,0.55
		64 = 0.4,0.55,0.48
		65 = 0.41,0.54,0.55
		66 = 0.67,0.49,0.56
		67 = 0.66,0.43,0.41
		68 = 0.65,0.47,0.33
		69 = 0.71,0.5,0.4
		70 = 0.71,0.44,0.38
		71 = 0.68,0.44,0.34
		72 = 0.68,0.5,0.36
		73 = 0.52,0.49,0.67
		74 = 0.47,0.52,0.53
		75 = 0.43,0.53,0.6
		76 = 0.58,0.65,0.58
		77 = 0.7,0.6,0.61
		78 = 0.51,0.41,0.51
		79 = 0.62,0.7,0.7
		80 = 0.75,0.57,0.62
		81 = 0.67,0.56,0.4
		82 = 0.68,0.56,0.52
		83 = 0.67,0.62,0.61
		84 = 0.68,0.45,0.45
		85 = 0.75,0.59,0.59
		86 = 0.81,0.69,0.6
		87 = 0.65,0.68,0.69
		88 = 0.7,0.7,0.72
		89 = 0.76,0.74,0.73
		90 = 0.7,0.74,0.78
		91 = 0.74,0.69,0.69
		92 = 0.79,0.74,0.68
		93 = 0.73,0.8,0.79
		94 = 0.67,0.54,0.53
		95 = 0.38,0.64,0.64
		96 = 0.53,0.72,0.72
		97 = 0.63,0.73,0.73
		98 = 0.43,0.62,0.62
		99 = 0.49,0.54,0.61
		100 = 0.42,0.58,0.61
		101 = 0.56,0.73,0.68
		102 = 0.47,0.67,0.72
		103 = 0.64,0.68,0.72
		104 = 0.48,0.65,0.72
		105 = 0.58,0.64,0.72
		106 = 0.67,0.73,0.68
		107 = 0.5,0.72,0.69
		108 = 0.49,0.67,0.7
		109 = 0.56,0.61,0.69
		110 = 0.43,0.69,0.65
		111 = 0.55,0.63,0.69
		112 = 0.66,0.63,0.69
		113 = 0.41,0.54,0.67
		114 = 0.37,0.63,0.67
		115 = 0.49,0.68,0.65
		116 = 0.55,0.63,0.74
		117 = 0.43,0.6,0.8
		118 = 0.41,0.5,0.8
		119 = 0.42,0.68,0.81
		120 = 0.6,0.69,0.81
		121 = 0.56,0.72,0.8
		122 = 0.63,0.66,0.8
		123 = 0.74,0.81,0.8
		124 = 0.63,0.81,0.79
		125 = 0.53,0.76,0.73
		126 = 0.47,0.67,0.66
		127 = 0.7,0.76,0.81
		128 = 0.78,0.81,0.89
		129 = 0.7,0.65,0.74
		130 = 0.77,0.83,0.85
		131 = 0.7,0.8,0.83
	}
	emission = 0.15,0.3
}
