object = false
size = 1.5,2.0

terrain
{
	colors
	{
		0 = 0.51,0.52,0.54
		1 = 0.92,0.92,0.93
		2 = 0.72,0.77,0.77
		3 = 0.76,0.81,0.81
		4 = 0.73,0.79,0.76
		5 = 0.4,0.4,0.42
		6 = 0.74,0.76,0.79
		7 = 0.82,0.85,0.85
		8 = 0.76,0.8,0.81
		9 = 0.81,0.81,0.81
		10 = 0.73,0.8,0.81
		11 = 0.69,0.74,0.73
		12 = 0.7,0.74,0.73
		13 = 0.66,0.69,0.72
		14 = 0.72,0.75,0.78
		15 = 0.67,0.75,0.76
		16 = 0.73,0.78,0.76
		17 = 0.73,0.77,0.76
		18 = 0.68,0.7,0.7
		19 = 0.73,0.74,0.74
		20 = 0.72,0.74,0.74
		21 = 0.67,0.7,0.72
		22 = 0.72,0.72,0.73
		23 = 0.68,0.69,0.7
		24 = 0.71,0.71,0.71
		25 = 0.63,0.64,0.67
		26 = 0.7,0.72,0.72
		27 = 0.65,0.68,0.69
		28 = 0.69,0.69,0.69
		29 = 0.63,0.67,0.68
		30 = 0.6,0.63,0.62
		31 = 0.6,0.63,0.62
		32 = 0.57,0.58,0.61
		33 = 0.61,0.63,0.65
	}
	emission = 0.75,1.25

	scale
	{
		min = 0.25,1.0,0.5
		max = 0.5,1.5,1.0
	}

	info
	{
		sign = 0,0,0
		min = 0.0,0.2,4.0
		max = 1.5,0.8,16.0
	}
}
