name = Dwarf Rocky Planet
object = true
light = 0.0
image = 0.13
minhabitability = -1
ring = 0.0
station = 31.86
flares = 0,0
children = 0,0
childbias = 0.0
size = 0.08,0.33
scale = E
sizebias = 0.326
distance = 0.0,0.0
axisoffset = 0.112

terrain
{
	colors
	{
		0 = 0.45,0.41,0.38
		1 = 0.46,0.4,0.34
		2 = 0.48,0.38,0.34
		3 = 0.5,0.39,0.34
		4 = 0.5,0.41,0.33
		5 = 0.54,0.42,0.36
		6 = 0.56,0.5,0.5
		7 = 0.45,0.41,0.38
		8 = 0.41,0.33,0.32
		9 = 0.58,0.38,0.33
		10 = 0.44,0.37,0.29
		11 = 0.48,0.37,0.35
		12 = 0.49,0.45,0.45
		13 = 0.5,0.43,0.44
		14 = 0.47,0.37,0.37
		15 = 0.56,0.38,0.35
		16 = 0.54,0.4,0.39
		17 = 0.38,0.37,0.36
		18 = 0.5,0.44,0.42
		19 = 0.42,0.4,0.38
		20 = 0.45,0.41,0.41
		21 = 0.49,0.48,0.48
		22 = 0.48,0.46,0.47
		23 = 0.44,0.41,0.41
		24 = 0.49,0.44,0.43
		25 = 0.49,0.45,0.44
		26 = 0.55,0.49,0.48
		27 = 0.58,0.56,0.56
		28 = 0.49,0.48,0.47
		29 = 0.44,0.41,0.41
		30 = 0.55,0.47,0.47
		31 = 0.47,0.44,0.42
		32 = 0.47,0.47,0.54
		33 = 0.7,0.59,0.47
		34 = 0.51,0.47,0.39
		35 = 0.48,0.5,0.5
		36 = 0.58,0.58,0.59
		37 = 0.63,0.62,0.61
		38 = 0.51,0.51,0.48
		39 = 0.47,0.47,0.48
		40 = 0.54,0.49,0.44
		41 = 0.68,0.56,0.5
		42 = 0.59,0.56,0.55
		43 = 0.48,0.5,0.5
		44 = 0.63,0.64,0.63
		45 = 0.53,0.55,0.55
		46 = 0.49,0.49,0.48
		47 = 0.49,0.49,0.46
		48 = 0.48,0.46,0.46
		49 = 0.58,0.55,0.55
		50 = 0.59,0.57,0.52
		51 = 0.52,0.5,0.49
		52 = 0.48,0.48,0.5
		53 = 0.63,0.63,0.65
		54 = 0.64,0.65,0.64
		55 = 0.64,0.63,0.6
		56 = 0.62,0.63,0.64
		57 = 0.64,0.65,0.65
		58 = 0.63,0.61,0.61
		59 = 0.51,0.49,0.48
		60 = 0.48,0.49,0.48
		61 = 0.45,0.45,0.47
		62 = 0.43,0.43,0.43
		63 = 0.68,0.67,0.65
		64 = 0.73,0.76,0.74
		65 = 0.51,0.49,0.47
		66 = 0.6,0.58,0.57
		67 = 0.59,0.6,0.58
		68 = 0.56,0.52,0.5
		69 = 0.65,0.61,0.59
		70 = 0.6,0.59,0.57
		71 = 0.59,0.56,0.57
		72 = 0.49,0.5,0.51
		73 = 0.37,0.38,0.38
		74 = 0.44,0.45,0.44
		75 = 0.49,0.47,0.48
		76 = 0.74,0.76,0.73
		77 = 0.56,0.59,0.6
		78 = 0.68,0.71,0.71
		79 = 0.65,0.65,0.64
	}
	cubemap = 1
	emission = 0.0,0.0
	bands = 7,13
	avgcolorblend = 0.732,0.883
	blendpower = 1.82,3.05
	positionfactor = 0.711,0.925
	invertposition = true

	scale
	{
		min = 0.992,0.996,0.826
		max = 1.031,2.012,1.281
	}

	info
	{
		sign = 0,0,0
		min = 0.48,0.23,0.48
		max = 1.54,2.07,1.02
	}
}
