BLANK,SYSTEM,STAR_M,STAR_K,STAR_G,STAR_F,STAR_A,STAR_B,STAR_O,STAR_M_GIANT,STAR_K_GIANT,STAR_M_SUPERGIANT,STAR_G_SUPERGIANT,STAR_F_SUPERGIANT,STAR_A_SUPERGIANT,STAR_B_SUPERGIANT,WHITE_DWARF,NEUTRON_STAR,BROWN_DWARF_Y,BROWN_DWARF_T,BROWN_DWARF_L,BROWN_DWARF_M,GAS_DWARF,GAS_GIANT,ICE_GIANT,DESERT_PLANET,ICY_PLANET,ROCKY_PLANET,VOLCANIC_PLANET,OCEANIC_PLANET,DESERT_PLANET_DWARF,ICY_PLANET_DWARF,ROCKY_PLANET_DWARF,VOLCANIC_PLANET_DWARF
SYSTEM,0.0,0.0,0.0,0.0,0.0,0.0,0.0,0.0,0.0,0.0,0.0,0.0,0.0,0.0,0.0,0.0,0.0,0.0,0.0,0.0,0.0,0.0,0.0,0.0,0.0,0.0,0.0,0.0,0.0,0.0,0.0,0.0,0.0
STAR_M,86.5,0.0,0.0,0.0,0.0,0.0,0.0,0.0,0.0,0.0,0.0,0.0,0.0,0.0,0.0,0.0,0.0,0.0,0.0,0.0,0.0,0.0,0.0,0.0,0.0,0.0,0.0,0.0,0.0,0.0,0.0,0.0,0.0
STAR_K,68.34,0.0,0.0,0.0,0.0,0.0,0.0,0.0,0.0,0.0,0.0,0.0,0.0,0.0,0.0,0.0,0.0,0.0,0.0,0.0,0.0,0.0,0.0,0.0,0.0,0.0,0.0,0.0,0.0,0.0,0.0,0.0,0.0
STAR_G,49.65,0.0,0.0,0.0,0.0,0.0,0.0,0.0,0.0,0.0,0.0,0.0,0.0,0.0,0.0,0.0,0.0,0.0,0.0,0.0,0.0,0.0,0.0,0.0,0.0,0.0,0.0,0.0,0.0,0.0,0.0,0.0,0.0
STAR_F,42.02,0.0,0.0,0.0,0.0,0.0,0.0,0.0,0.0,0.0,0.0,0.0,0.0,0.0,0.0,0.0,0.0,0.0,0.0,0.0,0.0,0.0,0.0,0.0,0.0,0.0,0.0,0.0,0.0,0.0,0.0,0.0,0.0
STAR_A,3.31,0.0,0.0,0.0,0.0,0.0,0.0,0.0,0.0,0.0,0.0,0.0,0.0,0.0,0.0,0.0,0.0,0.0,0.0,0.0,0.0,0.0,0.0,0.0,0.0,0.0,0.0,0.0,0.0,0.0,0.0,0.0,0.0
STAR_B,1.72,0.0,0.0,0.0,0.0,0.0,0.0,0.0,0.0,0.0,0.0,0.0,0.0,0.0,0.0,0.0,0.0,0.0,0.0,0.0,0.0,0.0,0.0,0.0,0.0,0.0,0.0,0.0,0.0,0.0,0.0,0.0,0.0
STAR_O,1.14,0.0,0.0,0.0,0.0,0.0,0.0,0.0,0.0,0.0,0.0,0.0,0.0,0.0,0.0,0.0,0.0,0.0,0.0,0.0,0.0,0.0,0.0,0.0,0.0,0.0,0.0,0.0,0.0,0.0,0.0,0.0,0.0
STAR_M_GIANT,0.32,0.0,0.0,0.0,0.0,0.0,0.0,0.0,0.0,0.0,0.0,0.0,0.0,0.0,0.0,0.0,0.0,0.0,0.0,0.0,0.0,0.0,0.0,0.0,0.0,0.0,0.0,0.0,0.0,0.0,0.0,0.0,0.0
STAR_K_GIANT,0.41,0.0,0.0,0.0,0.0,0.0,0.0,0.0,0.0,0.0,0.0,0.0,0.0,0.0,0.0,0.0,0.0,0.0,0.0,0.0,0.0,0.0,0.0,0.0,0.0,0.0,0.0,0.0,0.0,0.0,0.0,0.0,0.0
STAR_M_SUPERGIANT,0.31,0.0,0.0,0.0,0.0,0.0,0.0,0.0,0.0,0.0,0.0,0.0,0.0,0.0,0.0,0.0,0.0,0.0,0.0,0.0,0.0,0.0,0.0,0.0,0.0,0.0,0.0,0.0,0.0,0.0,0.0,0.0,0.0
STAR_G_SUPERGIANT,0.18,0.0,0.0,0.0,0.0,0.0,0.0,0.0,0.0,0.0,0.0,0.0,0.0,0.0,0.0,0.0,0.0,0.0,0.0,0.0,0.0,0.0,0.0,0.0,0.0,0.0,0.0,0.0,0.0,0.0,0.0,0.0,0.0
STAR_F_SUPERGIANT,0.25,0.0,0.0,0.0,0.0,0.0,0.0,0.0,0.0,0.0,0.0,0.0,0.0,0.0,0.0,0.0,0.0,0.0,0.0,0.0,0.0,0.0,0.0,0.0,0.0,0.0,0.0,0.0,0.0,0.0,0.0,0.0,0.0
STAR_A_SUPERGIANT,0.37,0.0,0.0,0.0,0.0,0.0,0.0,0.0,0.0,0.0,0.0,0.0,0.0,0.0,0.0,0.0,0.0,0.0,0.0,0.0,0.0,0.0,0.0,0.0,0.0,0.0,0.0,0.0,0.0,0.0,0.0,0.0,0.0
STAR_B_SUPERGIANT,0.33,0.0,0.0,0.0,0.0,0.0,0.0,0.0,0.0,0.0,0.0,0.0,0.0,0.0,0.0,0.0,0.0,0.0,0.0,0.0,0.0,0.0,0.0,0.0,0.0,0.0,0.0,0.0,0.0,0.0,0.0,0.0,0.0
WHITE_DWARF,0.42,0.0,0.0,0.0,0.0,0.0,0.0,0.0,0.0,0.0,0.0,0.0,0.0,0.0,0.0,0.0,0.0,0.0,0.0,0.0,0.0,0.0,0.0,0.0,0.0,0.0,0.0,0.0,0.0,0.0,0.0,0.0,0.0
NEUTRON_STAR,0.17,0.0,0.0,0.0,0.0,0.0,0.0,0.0,0.0,0.0,0.0,0.0,0.0,0.0,0.0,0.0,0.0,0.0,0.0,0.0,0.0,0.0,0.0,0.0,0.0,0.0,0.0,0.0,0.0,0.0,0.0,0.0,0.0
BROWN_DWARF_Y,1.81,0.0,0.0,0.0,0.0,0.0,0.0,0.0,0.0,0.0,0.0,0.0,0.0,0.0,0.0,0.0,0.0,0.0,0.0,0.0,0.0,0.0,0.0,0.0,0.0,0.0,0.0,0.0,0.0,0.0,0.0,0.0,0.0
BROWN_DWARF_T,3.96,0.0,0.0,0.0,0.0,0.0,0.0,0.0,0.0,0.0,0.0,0.0,0.0,0.0,0.0,0.0,0.0,0.0,0.0,0.0,0.0,0.0,0.0,0.0,0.0,0.0,0.0,0.0,0.0,0.0,0.0,0.0,0.0
BROWN_DWARF_L,5.02,0.0,0.0,0.0,0.0,0.0,0.0,0.0,0.0,0.0,0.0,0.0,0.0,0.0,0.0,0.0,0.0,0.0,0.0,0.0,0.0,0.0,0.0,0.0,0.0,0.0,0.0,0.0,0.0,0.0,0.0,0.0,0.0
BROWN_DWARF_M,7.31,0.0,0.0,0.0,0.0,0.0,0.0,0.0,0.0,0.0,0.0,0.0,0.0,0.0,0.0,0.0,0.0,0.0,0.0,0.0,0.0,0.0,0.0,0.0,0.0,0.0,0.0,0.0,0.0,0.0,0.0,0.0,0.0
GAS_DWARF,0.0,16.14,16.65,20.12,21.13,21.6,22.94,21.94,20.54,22.7,22.62,21.81,23.1,22.89,24.94,38.22,35.55,21.28,22.45,30.54,34.41,0.0,0.0,0.0,0.0,0.0,0.0,0.0,0.0,0.0,0.0,0.0,0.0
GAS_GIANT,0.0,35.14,36.58,38.29,33.14,39.16,41.12,43.94,58.11,59.38,57.48,57.48,57.48,57.48,57.48,31.34,30.82,0.0,0.0,0.0,6.5,0.0,0.0,0.0,0.0,0.0,0.0,0.0,0.0,0.0,0.0,0.0,0.0
ICE_GIANT,0.0,43.16,41.48,47.13,58.69,50.22,62.86,62.95,63.25,51.14,57.51,57.51,57.51,57.51,57.51,43.61,45.15,0.0,0.0,9.81,22.26,0.0,0.0,0.0,0.0,0.0,0.0,0.0,0.0,0.0,0.0,0.0,0.0
DESERT_PLANET,0.0,52.65,58.62,56.21,54.21,44.23,41.59,48.5,41.35,44.1,53.18,53.18,53.18,53.18,53.18,22.17,24.3,51.55,51.55,51.55,51.55,0.0,0.0,0.0,0.0,0.0,0.0,0.0,0.0,0.0,0.0,0.0,0.0
ICY_PLANET,0.0,38.11,41.95,40.68,43.48,36.65,27.83,28.45,11.2,10.84,8.64,8.64,8.64,8.64,8.64,49.45,53.12,39.16,39.16,39.16,39.16,0.0,0.0,0.0,0.0,0.0,0.0,0.0,0.0,0.0,0.0,0.0,0.0
ROCKY_PLANET,0.0,81.45,64.21,78.41,74.51,68.8,78.4,75.39,48.61,53.16,68.54,68.54,68.54,68.54,68.54,70.28,72.13,73.91,73.91,73.91,73.91,0.0,0.0,0.0,0.0,0.0,0.0,0.0,0.0,0.0,0.0,0.0,0.0
VOLCANIC_PLANET,0.0,19.8,22.53,21.17,18.43,15.91,12.06,10.17,9.68,6.71,7.11,7.11,7.11,7.11,7.11,24.13,22.02,36.22,36.22,36.22,36.22,0.0,0.0,0.0,0.0,0.0,0.0,0.0,0.0,0.0,0.0,0.0,0.0
OCEANIC_PLANET,0.0,14.03,20.17,23.8,19.66,13.42,8.74,9.12,0.0,0.0,0.0,0.0,0.0,0.0,0.0,7.23,3.14,18.3,18.3,18.3,18.3,0.0,0.0,0.0,0.0,0.0,0.0,0.0,0.0,0.0,0.0,0.0,0.0
DESERT_PLANET_DWARF,0.0,7.12,8.04,10.38,10.19,7.11,4.62,4.39,1.63,1.35,0.0,0.0,0.0,0.0,0.0,4.63,5.11,23.54,23.54,23.54,23.54,20.11,31.58,24.06,71.1,7.53,68.54,54.68,49.76,0.0,0.0,0.0,0.0
ICY_PLANET_DWARF,0.0,9.94,10.91,9.14,11.4,6.84,3.86,3.95,2.12,1.86,0.0,0.0,0.0,0.0,0.0,7.44,9.56,27.63,27.63,27.63,27.63,83.12,73.58,78.31,0.0,70.33,66.27,0.0,10.14,0.0,0.0,0.0,0.0
ROCKY_PLANET_DWARF,0.0,18.26,23.16,23.42,14.23,9.95,8.82,7.32,7.58,5.15,0.0,0.0,0.0,0.0,0.0,14.59,16.1,30.66,30.66,30.66,30.66,74.1,69.11,70.18,54.89,61.7,70.84,66.43,75.44,0.0,0.0,0.0,0.0
VOLCANIC_PLANET_DWARF,0.0,6.29,7.14,6.1,6.53,3.28,4.1,4.03,4.11,3.88,0.0,0.0,0.0,0.0,0.0,10.09,6.16,4.22,4.22,4.22,4.22,31.8,45.14,18.94,11.42,6.74,33.75,13.59,41.89,0.0,0.0,0.0,0.0
