class
{
	rank = 0,0,0,0,0,0
	name = 0,0,0,0,0,0
}

info
{
	size = 906.3,906.3,906.3,906.3,906.3,906.3
	health = 18397.0,18397.0,18397.0,18397.0,18397.0,18397.0
	shield = 8978.0,8978.0,8978.0,8978.0,8978.0,8978.0
	mass = 1226.3,1226.3,1226.3,1226.3,1226.3,1226.3
	maxcargo = 357,357,357,357,357,357
}
name = Unknown,Unknown,Unknown,Unknown,Unknown,Unknown
manufacturer = IGT,IGT,IGT,IGT,IGT,IGT

components
{
	collider
	{
		0
		{
			pos = 0.0,0.0,0.0,0.0,0.0,0.0,0.0,0.0,0.0,0.0,0.0,0.0,0.0,0.0,0.0,0.0,0.0,0.0
			size = 0.044999998,0.044999998,0.044999998,0.044999998,0.044999998,0.044999998
			strength = -1,-1,-1,-1,-1,-1
		}

		1
		{
			pos = 0.0,-0.095,0.0,0.0,-0.095,0.0,0.0,-0.095,0.0,0.0,-0.095,0.0,0.0,-0.095,0.0,0.0,-0.095,0.0
			size = 0.044999998,0.044999998,0.044999998,0.044999998,0.044999998,0.044999998
			strength = -1,-1,-1,-1,-1,-1
		}

		2
		{
			pos = 0.0,-0.19,0.0,0.0,-0.19,0.0,0.0,-0.19,0.0,0.0,-0.19,0.0,0.0,-0.19,0.0,0.0,-0.19,0.0
			size = 0.044999998,0.044999998,0.044999998,0.044999998,0.044999998,0.044999998
			strength = -1,-1,-1,-1,-1,-1
		}

		3
		{
			pos = 0.0,-0.285,0.0,0.0,-0.285,0.0,0.0,-0.285,0.0,0.0,-0.285,0.0,0.0,-0.285,0.0,0.0,-0.285,0.0
			size = 0.044999998,0.044999998,0.044999998,0.044999998,0.044999998,0.044999998
			strength = -1,-1,-1,-1,-1,-1
		}

		4
		{
			pos = 0.0,-0.375,0.0,0.0,-0.375,0.0,0.0,-0.375,0.0,0.0,-0.375,0.0,0.0,-0.375,0.0,0.0,-0.375,0.0
			size = 0.05,0.05,0.05,0.05,0.05,0.05
			strength = 1,1,1,1,1,1
		}

		5
		{
			pos = 0.0,-0.41500002,0.0,0.0,-0.41500002,0.0,0.0,-0.41500002,0.0,0.0,-0.41500002,0.0,0.0,-0.41500002,0.0,0.0,-0.41500002,0.0
			size = 0.05,0.05,0.05,0.05,0.05,0.05
			strength = 1,1,1,1,1,1
		}

		6
		{
			pos = 0.0,-0.455,0.0,0.0,-0.455,0.0,0.0,-0.455,0.0,0.0,-0.455,0.0,0.0,-0.455,0.0,0.0,-0.455,0.0
			size = 0.05,0.05,0.05,0.05,0.05,0.05
			strength = 1,1,1,1,1,1
		}

		7
		{
			pos = 2.2351744E-11,0.0,0.060000002,2.2351744E-11,0.0,0.060000002,2.2351744E-11,0.0,0.060000002,2.2351744E-11,0.0,0.060000002,2.2351744E-11,0.0,0.060000002,2.2351744E-11,0.0,0.060000002
			size = 0.025,0.025,0.025,0.025,0.025,0.025
			strength = -1,-1,-1,-1,-1,-1
		}

		8
		{
			pos = 2.2351744E-11,0.0,0.105,2.2351744E-11,0.0,0.105,2.2351744E-11,0.0,0.105,2.2351744E-11,0.0,0.105,2.2351744E-11,0.0,0.105,2.2351744E-11,0.0,0.105
			size = 0.025,0.025,0.025,0.025,0.025,0.025
			strength = -1,-1,-1,-1,-1,-1
		}

		9
		{
			pos = 2.2351744E-11,0.0,0.15,2.2351744E-11,0.0,0.15,2.2351744E-11,0.0,0.15,2.2351744E-11,0.0,0.15,2.2351744E-11,0.0,0.15,2.2351744E-11,0.0,0.15
			size = 0.025,0.025,0.025,0.025,0.025,0.025
			strength = -1,-1,-1,-1,-1,-1
		}

		10
		{
			pos = 2.2351744E-11,0.0,0.22000001,2.2351744E-11,0.0,0.22000001,2.2351744E-11,0.0,0.22000001,2.2351744E-11,0.0,0.22000001,2.2351744E-11,0.0,0.22000001,2.2351744E-11,0.0,0.22000001
			size = 0.055000003,0.055000003,0.055000003,0.055000003,0.055000003,0.055000003
			strength = 0,0,0,0,0,0
		}

		11
		{
			pos = 2.2351744E-11,0.0,0.285,2.2351744E-11,0.0,0.285,2.2351744E-11,0.0,0.285,2.2351744E-11,0.0,0.285,2.2351744E-11,0.0,0.285,2.2351744E-11,0.0,0.285
			size = 0.055000003,0.055000003,0.055000003,0.055000003,0.055000003,0.055000003
			strength = 0,0,0,0,0,0
		}

		12
		{
			pos = -0.05196153,0.0,-0.030000005,-0.05196153,0.0,-0.030000005,-0.05196153,0.0,-0.030000005,-0.05196153,0.0,-0.030000005,-0.05196153,0.0,-0.030000005,-0.05196153,0.0,-0.030000005
			size = 0.025,0.025,0.025,0.025,0.025,0.025
			strength = -1,-1,-1,-1,-1,-1
		}

		13
		{
			pos = -0.09093266,0.0,-0.052500006,-0.09093266,0.0,-0.052500006,-0.09093266,0.0,-0.052500006,-0.09093266,0.0,-0.052500006,-0.09093266,0.0,-0.052500006,-0.09093266,0.0,-0.052500006
			size = 0.025,0.025,0.025,0.025,0.025,0.025
			strength = -1,-1,-1,-1,-1,-1
		}

		14
		{
			pos = -0.12990381,0.0,-0.07500001,-0.12990381,0.0,-0.07500001,-0.12990381,0.0,-0.07500001,-0.12990381,0.0,-0.07500001,-0.12990381,0.0,-0.07500001,-0.12990381,0.0,-0.07500001
			size = 0.025,0.025,0.025,0.025,0.025,0.025
			strength = -1,-1,-1,-1,-1,-1
		}

		15
		{
			pos = -0.19052559,0.0,-0.11000003,-0.19052559,0.0,-0.11000003,-0.19052559,0.0,-0.11000003,-0.19052559,0.0,-0.11000003,-0.19052559,0.0,-0.11000003,-0.19052559,0.0,-0.11000003
			size = 0.055000003,0.055000003,0.055000003,0.055000003,0.055000003,0.055000003
			strength = 0,0,0,0,0,0
		}

		16
		{
			pos = -0.24681723,0.0,-0.14250003,-0.24681723,0.0,-0.14250003,-0.24681723,0.0,-0.14250003,-0.24681723,0.0,-0.14250003,-0.24681723,0.0,-0.14250003,-0.24681723,0.0,-0.14250003
			size = 0.055000003,0.055000003,0.055000003,0.055000003,0.055000003,0.055000003
			strength = 0,0,0,0,0,0
		}

		17
		{
			pos = 0.051961537,0.0,-0.030000001,0.051961537,0.0,-0.030000001,0.051961537,0.0,-0.030000001,0.051961537,0.0,-0.030000001,0.051961537,0.0,-0.030000001,0.051961537,0.0,-0.030000001
			size = 0.025,0.025,0.025,0.025,0.025,0.025
			strength = -1,-1,-1,-1,-1,-1
		}

		18
		{
			pos = 0.09093267,0.0,-0.052499987,0.09093267,0.0,-0.052499987,0.09093267,0.0,-0.052499987,0.09093267,0.0,-0.052499987,0.09093267,0.0,-0.052499987,0.09093267,0.0,-0.052499987
			size = 0.025,0.025,0.025,0.025,0.025,0.025
			strength = -1,-1,-1,-1,-1,-1
		}

		19
		{
			pos = 0.12990382,0.0,-0.07499999,0.12990382,0.0,-0.07499999,0.12990382,0.0,-0.07499999,0.12990382,0.0,-0.07499999,0.12990382,0.0,-0.07499999,0.12990382,0.0,-0.07499999
			size = 0.025,0.025,0.025,0.025,0.025,0.025
			strength = -1,-1,-1,-1,-1,-1
		}

		20
		{
			pos = 0.19052564,0.0,-0.10999999,0.19052564,0.0,-0.10999999,0.19052564,0.0,-0.10999999,0.19052564,0.0,-0.10999999,0.19052564,0.0,-0.10999999,0.19052564,0.0,-0.10999999
			size = 0.055000003,0.055000003,0.055000003,0.055000003,0.055000003,0.055000003
			strength = 0,0,0,0,0,0
		}

		21
		{
			pos = 0.24681728,0.0,-0.14249997,0.24681728,0.0,-0.14249997,0.24681728,0.0,-0.14249997,0.24681728,0.0,-0.14249997,0.24681728,0.0,-0.14249997,0.24681728,0.0,-0.14249997
			size = 0.055000003,0.055000003,0.055000003,0.055000003,0.055000003,0.055000003
			strength = 0,0,0,0,0,0
		}

		22
		{
			pos = 2.2351744E-11,-0.235,0.060000002,2.2351744E-11,-0.235,0.060000002,2.2351744E-11,-0.235,0.060000002,2.2351744E-11,-0.235,0.060000002,2.2351744E-11,-0.235,0.060000002,2.2351744E-11,-0.235,0.060000002
			size = 0.025,0.025,0.025,0.025,0.025,0.025
			strength = -1,-1,-1,-1,-1,-1
		}

		23
		{
			pos = 2.2351744E-11,-0.235,0.105,2.2351744E-11,-0.235,0.105,2.2351744E-11,-0.235,0.105,2.2351744E-11,-0.235,0.105,2.2351744E-11,-0.235,0.105,2.2351744E-11,-0.235,0.105
			size = 0.025,0.025,0.025,0.025,0.025,0.025
			strength = -1,-1,-1,-1,-1,-1
		}

		24
		{
			pos = 2.2351744E-11,-0.235,0.15,2.2351744E-11,-0.235,0.15,2.2351744E-11,-0.235,0.15,2.2351744E-11,-0.235,0.15,2.2351744E-11,-0.235,0.15,2.2351744E-11,-0.235,0.15
			size = 0.025,0.025,0.025,0.025,0.025,0.025
			strength = -1,-1,-1,-1,-1,-1
		}

		25
		{
			pos = 2.2351744E-11,-0.235,0.22000001,2.2351744E-11,-0.235,0.22000001,2.2351744E-11,-0.235,0.22000001,2.2351744E-11,-0.235,0.22000001,2.2351744E-11,-0.235,0.22000001,2.2351744E-11,-0.235,0.22000001
			size = 0.055000003,0.055000003,0.055000003,0.055000003,0.055000003,0.055000003
			strength = 0,0,0,0,0,0
		}

		26
		{
			pos = 2.2351744E-11,-0.235,0.285,2.2351744E-11,-0.235,0.285,2.2351744E-11,-0.235,0.285,2.2351744E-11,-0.235,0.285,2.2351744E-11,-0.235,0.285,2.2351744E-11,-0.235,0.285
			size = 0.055000003,0.055000003,0.055000003,0.055000003,0.055000003,0.055000003
			strength = 0,0,0,0,0,0
		}

		27
		{
			pos = -0.05196153,-0.235,-0.030000005,-0.05196153,-0.235,-0.030000005,-0.05196153,-0.235,-0.030000005,-0.05196153,-0.235,-0.030000005,-0.05196153,-0.235,-0.030000005,-0.05196153,-0.235,-0.030000005
			size = 0.025,0.025,0.025,0.025,0.025,0.025
			strength = -1,-1,-1,-1,-1,-1
		}

		28
		{
			pos = -0.09093266,-0.235,-0.052500006,-0.09093266,-0.235,-0.052500006,-0.09093266,-0.235,-0.052500006,-0.09093266,-0.235,-0.052500006,-0.09093266,-0.235,-0.052500006,-0.09093266,-0.235,-0.052500006
			size = 0.025,0.025,0.025,0.025,0.025,0.025
			strength = -1,-1,-1,-1,-1,-1
		}

		29
		{
			pos = -0.12990381,-0.235,-0.07500001,-0.12990381,-0.235,-0.07500001,-0.12990381,-0.235,-0.07500001,-0.12990381,-0.235,-0.07500001,-0.12990381,-0.235,-0.07500001,-0.12990381,-0.235,-0.07500001
			size = 0.025,0.025,0.025,0.025,0.025,0.025
			strength = -1,-1,-1,-1,-1,-1
		}

		30
		{
			pos = -0.19052559,-0.235,-0.11000003,-0.19052559,-0.235,-0.11000003,-0.19052559,-0.235,-0.11000003,-0.19052559,-0.235,-0.11000003,-0.19052559,-0.235,-0.11000003,-0.19052559,-0.235,-0.11000003
			size = 0.055000003,0.055000003,0.055000003,0.055000003,0.055000003,0.055000003
			strength = 0,0,0,0,0,0
		}

		31
		{
			pos = -0.24681723,-0.235,-0.14250003,-0.24681723,-0.235,-0.14250003,-0.24681723,-0.235,-0.14250003,-0.24681723,-0.235,-0.14250003,-0.24681723,-0.235,-0.14250003,-0.24681723,-0.235,-0.14250003
			size = 0.055000003,0.055000003,0.055000003,0.055000003,0.055000003,0.055000003
			strength = 0,0,0,0,0,0
		}

		32
		{
			pos = 0.051961537,-0.235,-0.030000001,0.051961537,-0.235,-0.030000001,0.051961537,-0.235,-0.030000001,0.051961537,-0.235,-0.030000001,0.051961537,-0.235,-0.030000001,0.051961537,-0.235,-0.030000001
			size = 0.025,0.025,0.025,0.025,0.025,0.025
			strength = -1,-1,-1,-1,-1,-1
		}

		33
		{
			pos = 0.09093267,-0.235,-0.052499987,0.09093267,-0.235,-0.052499987,0.09093267,-0.235,-0.052499987,0.09093267,-0.235,-0.052499987,0.09093267,-0.235,-0.052499987,0.09093267,-0.235,-0.052499987
			size = 0.025,0.025,0.025,0.025,0.025,0.025
			strength = -1,-1,-1,-1,-1,-1
		}

		34
		{
			pos = 0.12990382,-0.235,-0.07499999,0.12990382,-0.235,-0.07499999,0.12990382,-0.235,-0.07499999,0.12990382,-0.235,-0.07499999,0.12990382,-0.235,-0.07499999,0.12990382,-0.235,-0.07499999
			size = 0.025,0.025,0.025,0.025,0.025,0.025
			strength = -1,-1,-1,-1,-1,-1
		}

		35
		{
			pos = 0.19052564,-0.235,-0.10999999,0.19052564,-0.235,-0.10999999,0.19052564,-0.235,-0.10999999,0.19052564,-0.235,-0.10999999,0.19052564,-0.235,-0.10999999,0.19052564,-0.235,-0.10999999
			size = 0.055000003,0.055000003,0.055000003,0.055000003,0.055000003,0.055000003
			strength = 0,0,0,0,0,0
		}

		36
		{
			pos = 0.24681728,-0.235,-0.14249997,0.24681728,-0.235,-0.14249997,0.24681728,-0.235,-0.14249997,0.24681728,-0.235,-0.14249997,0.24681728,-0.235,-0.14249997,0.24681728,-0.235,-0.14249997
			size = 0.055000003,0.055000003,0.055000003,0.055000003,0.055000003,0.055000003
			strength = 0,0,0,0,0,0
		}

		37
		{
			pos = 0.0,0.095,0.0,0.0,0.095,0.0,0.0,0.095,0.0,0.0,0.095,0.0,0.0,0.095,0.0,0.0,0.095,0.0
			size = 0.044999998,0.044999998,0.044999998,0.044999998,0.044999998,0.044999998
			strength = -1,-1,-1,-1,-1,-1
		}

		38
		{
			pos = 0.0,0.19,0.0,0.0,0.19,0.0,0.0,0.19,0.0,0.0,0.19,0.0,0.0,0.19,0.0,0.0,0.19,0.0
			size = 0.044999998,0.044999998,0.044999998,0.044999998,0.044999998,0.044999998
			strength = -1,-1,-1,-1,-1,-1
		}

		39
		{
			pos = 0.0,0.285,0.0,0.0,0.285,0.0,0.0,0.285,0.0,0.0,0.285,0.0,0.0,0.285,0.0,0.0,0.285,0.0
			size = 0.044999998,0.044999998,0.044999998,0.044999998,0.044999998,0.044999998
			strength = -1,-1,-1,-1,-1,-1
		}

		40
		{
			pos = 0.0,0.375,0.0,0.0,0.375,0.0,0.0,0.375,0.0,0.0,0.375,0.0,0.0,0.375,0.0,0.0,0.375,0.0
			size = 0.05,0.05,0.05,0.05,0.05,0.05
			strength = 1,1,1,1,1,1
		}

		41
		{
			pos = 0.0,0.41500002,0.0,0.0,0.41500002,0.0,0.0,0.41500002,0.0,0.0,0.41500002,0.0,0.0,0.41500002,0.0,0.0,0.41500002,0.0
			size = 0.05,0.05,0.05,0.05,0.05,0.05
			strength = 1,1,1,1,1,1
		}

		42
		{
			pos = 0.0,0.455,0.0,0.0,0.455,0.0,0.0,0.455,0.0,0.0,0.455,0.0,0.0,0.455,0.0,0.0,0.455,0.0
			size = 0.05,0.05,0.05,0.05,0.05,0.05
			strength = 1,1,1,1,1,1
		}

		43
		{
			pos = 2.2351744E-11,0.235,0.060000002,2.2351744E-11,0.235,0.060000002,2.2351744E-11,0.235,0.060000002,2.2351744E-11,0.235,0.060000002,2.2351744E-11,0.235,0.060000002,2.2351744E-11,0.235,0.060000002
			size = 0.025,0.025,0.025,0.025,0.025,0.025
			strength = -1,-1,-1,-1,-1,-1
		}

		44
		{
			pos = 2.2351744E-11,0.235,0.105,2.2351744E-11,0.235,0.105,2.2351744E-11,0.235,0.105,2.2351744E-11,0.235,0.105,2.2351744E-11,0.235,0.105,2.2351744E-11,0.235,0.105
			size = 0.025,0.025,0.025,0.025,0.025,0.025
			strength = -1,-1,-1,-1,-1,-1
		}

		45
		{
			pos = 2.2351744E-11,0.235,0.15,2.2351744E-11,0.235,0.15,2.2351744E-11,0.235,0.15,2.2351744E-11,0.235,0.15,2.2351744E-11,0.235,0.15,2.2351744E-11,0.235,0.15
			size = 0.025,0.025,0.025,0.025,0.025,0.025
			strength = -1,-1,-1,-1,-1,-1
		}

		46
		{
			pos = 2.2351744E-11,0.235,0.22000001,2.2351744E-11,0.235,0.22000001,2.2351744E-11,0.235,0.22000001,2.2351744E-11,0.235,0.22000001,2.2351744E-11,0.235,0.22000001,2.2351744E-11,0.235,0.22000001
			size = 0.055000003,0.055000003,0.055000003,0.055000003,0.055000003,0.055000003
			strength = 0,0,0,0,0,0
		}

		47
		{
			pos = 2.2351744E-11,0.235,0.285,2.2351744E-11,0.235,0.285,2.2351744E-11,0.235,0.285,2.2351744E-11,0.235,0.285,2.2351744E-11,0.235,0.285,2.2351744E-11,0.235,0.285
			size = 0.055000003,0.055000003,0.055000003,0.055000003,0.055000003,0.055000003
			strength = 0,0,0,0,0,0
		}

		48
		{
			pos = -0.05196153,0.235,-0.030000005,-0.05196153,0.235,-0.030000005,-0.05196153,0.235,-0.030000005,-0.05196153,0.235,-0.030000005,-0.05196153,0.235,-0.030000005,-0.05196153,0.235,-0.030000005
			size = 0.025,0.025,0.025,0.025,0.025,0.025
			strength = -1,-1,-1,-1,-1,-1
		}

		49
		{
			pos = -0.09093266,0.235,-0.052500006,-0.09093266,0.235,-0.052500006,-0.09093266,0.235,-0.052500006,-0.09093266,0.235,-0.052500006,-0.09093266,0.235,-0.052500006,-0.09093266,0.235,-0.052500006
			size = 0.025,0.025,0.025,0.025,0.025,0.025
			strength = -1,-1,-1,-1,-1,-1
		}

		50
		{
			pos = -0.12990381,0.235,-0.07500001,-0.12990381,0.235,-0.07500001,-0.12990381,0.235,-0.07500001,-0.12990381,0.235,-0.07500001,-0.12990381,0.235,-0.07500001,-0.12990381,0.235,-0.07500001
			size = 0.025,0.025,0.025,0.025,0.025,0.025
			strength = -1,-1,-1,-1,-1,-1
		}

		51
		{
			pos = -0.19052559,0.235,-0.11000003,-0.19052559,0.235,-0.11000003,-0.19052559,0.235,-0.11000003,-0.19052559,0.235,-0.11000003,-0.19052559,0.235,-0.11000003,-0.19052559,0.235,-0.11000003
			size = 0.055000003,0.055000003,0.055000003,0.055000003,0.055000003,0.055000003
			strength = 0,0,0,0,0,0
		}

		52
		{
			pos = -0.24681723,0.235,-0.14250003,-0.24681723,0.235,-0.14250003,-0.24681723,0.235,-0.14250003,-0.24681723,0.235,-0.14250003,-0.24681723,0.235,-0.14250003,-0.24681723,0.235,-0.14250003
			size = 0.055000003,0.055000003,0.055000003,0.055000003,0.055000003,0.055000003
			strength = 0,0,0,0,0,0
		}

		53
		{
			pos = 0.051961537,0.235,-0.030000001,0.051961537,0.235,-0.030000001,0.051961537,0.235,-0.030000001,0.051961537,0.235,-0.030000001,0.051961537,0.235,-0.030000001,0.051961537,0.235,-0.030000001
			size = 0.025,0.025,0.025,0.025,0.025,0.025
			strength = -1,-1,-1,-1,-1,-1
		}

		54
		{
			pos = 0.09093267,0.235,-0.052499987,0.09093267,0.235,-0.052499987,0.09093267,0.235,-0.052499987,0.09093267,0.235,-0.052499987,0.09093267,0.235,-0.052499987,0.09093267,0.235,-0.052499987
			size = 0.025,0.025,0.025,0.025,0.025,0.025
			strength = -1,-1,-1,-1,-1,-1
		}

		55
		{
			pos = 0.12990382,0.235,-0.07499999,0.12990382,0.235,-0.07499999,0.12990382,0.235,-0.07499999,0.12990382,0.235,-0.07499999,0.12990382,0.235,-0.07499999,0.12990382,0.235,-0.07499999
			size = 0.025,0.025,0.025,0.025,0.025,0.025
			strength = -1,-1,-1,-1,-1,-1
		}

		56
		{
			pos = 0.19052564,0.235,-0.10999999,0.19052564,0.235,-0.10999999,0.19052564,0.235,-0.10999999,0.19052564,0.235,-0.10999999,0.19052564,0.235,-0.10999999,0.19052564,0.235,-0.10999999
			size = 0.055000003,0.055000003,0.055000003,0.055000003,0.055000003,0.055000003
			strength = 0,0,0,0,0,0
		}

		57
		{
			pos = 0.24681728,0.235,-0.14249997,0.24681728,0.235,-0.14249997,0.24681728,0.235,-0.14249997,0.24681728,0.235,-0.14249997,0.24681728,0.235,-0.14249997,0.24681728,0.235,-0.14249997
			size = 0.055000003,0.055000003,0.055000003,0.055000003,0.055000003,0.055000003
			strength = 0,0,0,0,0,0
		}
	}

	weapon
	{
		0
		{
			pos = 0.0,-0.42,0.043,0.0,-0.42,0.043,0.0,-0.42,0.043,0.0,-0.42,0.043,0.0,-0.42,0.043,0.0,-0.42,0.043
			copytarget = true,true,true,true,true,true
			weaponname = CANNON6,CANNON6,CANNON6,CANNON6,CANNON6,CANNON6
			direction = -0.99999994/0.0/0.0/0.0/4.371139E-8/1.0/-0.0/-1.0/4.371139E-8/0.99999994/0.0/0.0/0.0/0.0/-4.371139E-8/1.0/0.0/-0.0/-1.0/-4.371139E-8/-0.0/0.0/0.0/0.0/1.0,-0.99999994/0.0/0.0/0.0/4.371139E-8/1.0/-0.0/-1.0/4.371139E-8/0.99999994/0.0/0.0/0.0/0.0/-4.371139E-8/1.0/0.0/-0.0/-1.0/-4.371139E-8/-0.0/0.0/0.0/0.0/1.0,-0.99999994/0.0/0.0/0.0/4.371139E-8/1.0/-0.0/-1.0/4.371139E-8/0.99999994/0.0/0.0/0.0/0.0/-4.371139E-8/1.0/0.0/-0.0/-1.0/-4.371139E-8/-0.0/0.0/0.0/0.0/1.0,-0.99999994/0.0/0.0/0.0/4.371139E-8/1.0/-0.0/-1.0/4.371139E-8/0.99999994/0.0/0.0/0.0/0.0/-4.371139E-8/1.0/0.0/-0.0/-1.0/-4.371139E-8/-0.0/0.0/0.0/0.0/1.0,-0.99999994/0.0/0.0/0.0/4.371139E-8/1.0/-0.0/-1.0/4.371139E-8/0.99999994/0.0/0.0/0.0/0.0/-4.371139E-8/1.0/0.0/-0.0/-1.0/-4.371139E-8/-0.0/0.0/0.0/0.0/1.0,-0.99999994/0.0/0.0/0.0/4.371139E-8/1.0/-0.0/-1.0/4.371139E-8/0.99999994/0.0/0.0/0.0/0.0/-4.371139E-8/1.0/0.0/-0.0/-1.0/-4.371139E-8/-0.0/0.0/0.0/0.0/1.0
		}

		1
		{
			pos = -0.040895432,-0.42,0.0132877305,-0.040895432,-0.42,0.0132877305,-0.040895432,-0.42,0.0132877305,-0.040895432,-0.42,0.0132877305,-0.040895432,-0.42,0.0132877305,-0.040895432,-0.42,0.0132877305
			copytarget = false,false,false,false,false,false
			weaponname = CANNON6,CANNON6,CANNON6,CANNON6,CANNON6,CANNON6
			direction = -0.30901694/0.0/-0.9510565/-0.95105654/4.371139E-8/0.30901697/-4.1572E-8/-1.0/1.3507561E-8/0.30901694/0.95105654/4.1572E-8/0.0/0.0/-4.371139E-8/1.0/0.0/0.9510565/-0.30901697/-1.3507561E-8/0.0/0.0/0.0/0.0/1.0,-0.30901694/0.0/-0.9510565/-0.95105654/4.371139E-8/0.30901697/-4.1572E-8/-1.0/1.3507561E-8/0.30901694/0.95105654/4.1572E-8/0.0/0.0/-4.371139E-8/1.0/0.0/0.9510565/-0.30901697/-1.3507561E-8/0.0/0.0/0.0/0.0/1.0,-0.30901694/0.0/-0.9510565/-0.95105654/4.371139E-8/0.30901697/-4.1572E-8/-1.0/1.3507561E-8/0.30901694/0.95105654/4.1572E-8/0.0/0.0/-4.371139E-8/1.0/0.0/0.9510565/-0.30901697/-1.3507561E-8/0.0/0.0/0.0/0.0/1.0,-0.30901694/0.0/-0.9510565/-0.95105654/4.371139E-8/0.30901697/-4.1572E-8/-1.0/1.3507561E-8/0.30901694/0.95105654/4.1572E-8/0.0/0.0/-4.371139E-8/1.0/0.0/0.9510565/-0.30901697/-1.3507561E-8/0.0/0.0/0.0/0.0/1.0,-0.30901694/0.0/-0.9510565/-0.95105654/4.371139E-8/0.30901697/-4.1572E-8/-1.0/1.3507561E-8/0.30901694/0.95105654/4.1572E-8/0.0/0.0/-4.371139E-8/1.0/0.0/0.9510565/-0.30901697/-1.3507561E-8/0.0/0.0/0.0/0.0/1.0,-0.30901694/0.0/-0.9510565/-0.95105654/4.371139E-8/0.30901697/-4.1572E-8/-1.0/1.3507561E-8/0.30901694/0.95105654/4.1572E-8/0.0/0.0/-4.371139E-8/1.0/0.0/0.9510565/-0.30901697/-1.3507561E-8/0.0/0.0/0.0/0.0/1.0
		}

		2
		{
			pos = -0.025274767,-0.42,-0.034787733,-0.025274767,-0.42,-0.034787733,-0.025274767,-0.42,-0.034787733,-0.025274767,-0.42,-0.034787733,-0.025274767,-0.42,-0.034787733,-0.025274767,-0.42,-0.034787733
			copytarget = true,true,true,true,true,true
			weaponname = CANNON6,CANNON6,CANNON6,CANNON6,CANNON6,CANNON6
			direction = 0.809017/0.0/-0.5877852/-0.58778524/4.371139E-8/-0.80901706/-2.569291E-8/-1.0/-3.5363257E-8/-0.809017/0.58778524/2.569291E-8/0.0/0.0/-4.371139E-8/1.0/0.0/0.5877852/0.80901706/3.5363257E-8/0.0/0.0/0.0/0.0/1.0,0.809017/0.0/-0.5877852/-0.58778524/4.371139E-8/-0.80901706/-2.569291E-8/-1.0/-3.5363257E-8/-0.809017/0.58778524/2.569291E-8/0.0/0.0/-4.371139E-8/1.0/0.0/0.5877852/0.80901706/3.5363257E-8/0.0/0.0/0.0/0.0/1.0,0.809017/0.0/-0.5877852/-0.58778524/4.371139E-8/-0.80901706/-2.569291E-8/-1.0/-3.5363257E-8/-0.809017/0.58778524/2.569291E-8/0.0/0.0/-4.371139E-8/1.0/0.0/0.5877852/0.80901706/3.5363257E-8/0.0/0.0/0.0/0.0/1.0,0.809017/0.0/-0.5877852/-0.58778524/4.371139E-8/-0.80901706/-2.569291E-8/-1.0/-3.5363257E-8/-0.809017/0.58778524/2.569291E-8/0.0/0.0/-4.371139E-8/1.0/0.0/0.5877852/0.80901706/3.5363257E-8/0.0/0.0/0.0/0.0/1.0,0.809017/0.0/-0.5877852/-0.58778524/4.371139E-8/-0.80901706/-2.569291E-8/-1.0/-3.5363257E-8/-0.809017/0.58778524/2.569291E-8/0.0/0.0/-4.371139E-8/1.0/0.0/0.5877852/0.80901706/3.5363257E-8/0.0/0.0/0.0/0.0/1.0,0.809017/0.0/-0.5877852/-0.58778524/4.371139E-8/-0.80901706/-2.569291E-8/-1.0/-3.5363257E-8/-0.809017/0.58778524/2.569291E-8/0.0/0.0/-4.371139E-8/1.0/0.0/0.5877852/0.80901706/3.5363257E-8/0.0/0.0/0.0/0.0/1.0
		}

		3
		{
			pos = 0.025274768,-0.42,-0.034787733,0.025274768,-0.42,-0.034787733,0.025274768,-0.42,-0.034787733,0.025274768,-0.42,-0.034787733,0.025274768,-0.42,-0.034787733,0.025274768,-0.42,-0.034787733
			copytarget = false,false,false,false,false,false
			weaponname = CANNON6,CANNON6,CANNON6,CANNON6,CANNON6,CANNON6
			direction = 0.80901694/0.0/0.5877853/0.58778536/4.371139E-8/-0.809017/2.5692913E-8/-1.0/-3.5363257E-8/-0.80901694/-0.58778536/-2.5692913E-8/0.0/0.0/-4.371139E-8/1.0/0.0/-0.5877853/0.809017/3.5363257E-8/0.0/0.0/0.0/0.0/1.0,0.80901694/0.0/0.5877853/0.58778536/4.371139E-8/-0.809017/2.5692913E-8/-1.0/-3.5363257E-8/-0.80901694/-0.58778536/-2.5692913E-8/0.0/0.0/-4.371139E-8/1.0/0.0/-0.5877853/0.809017/3.5363257E-8/0.0/0.0/0.0/0.0/1.0,0.80901694/0.0/0.5877853/0.58778536/4.371139E-8/-0.809017/2.5692913E-8/-1.0/-3.5363257E-8/-0.80901694/-0.58778536/-2.5692913E-8/0.0/0.0/-4.371139E-8/1.0/0.0/-0.5877853/0.809017/3.5363257E-8/0.0/0.0/0.0/0.0/1.0,0.80901694/0.0/0.5877853/0.58778536/4.371139E-8/-0.809017/2.5692913E-8/-1.0/-3.5363257E-8/-0.80901694/-0.58778536/-2.5692913E-8/0.0/0.0/-4.371139E-8/1.0/0.0/-0.5877853/0.809017/3.5363257E-8/0.0/0.0/0.0/0.0/1.0,0.80901694/0.0/0.5877853/0.58778536/4.371139E-8/-0.809017/2.5692913E-8/-1.0/-3.5363257E-8/-0.80901694/-0.58778536/-2.5692913E-8/0.0/0.0/-4.371139E-8/1.0/0.0/-0.5877853/0.809017/3.5363257E-8/0.0/0.0/0.0/0.0/1.0,0.80901694/0.0/0.5877853/0.58778536/4.371139E-8/-0.809017/2.5692913E-8/-1.0/-3.5363257E-8/-0.80901694/-0.58778536/-2.5692913E-8/0.0/0.0/-4.371139E-8/1.0/0.0/-0.5877853/0.809017/3.5363257E-8/0.0/0.0/0.0/0.0/1.0
		}

		4
		{
			pos = 0.040895432,-0.42,0.013287733,0.040895432,-0.42,0.013287733,0.040895432,-0.42,0.013287733,0.040895432,-0.42,0.013287733,0.040895432,-0.42,0.013287733,0.040895432,-0.42,0.013287733
			copytarget = true,true,true,true,true,true
			weaponname = CANNON6,CANNON6,CANNON6,CANNON6,CANNON6,CANNON6
			direction = -0.3090171/0.0/0.9510565/0.9510566/4.371139E-8/0.30901712/4.1572E-8/-1.0/1.3507565E-8/0.3090171/-0.9510566/-4.1572E-8/0.0/0.0/-4.371139E-8/1.0/0.0/-0.9510565/-0.30901712/-1.3507565E-8/0.0/0.0/0.0/0.0/1.0,-0.3090171/0.0/0.9510565/0.9510566/4.371139E-8/0.30901712/4.1572E-8/-1.0/1.3507565E-8/0.3090171/-0.9510566/-4.1572E-8/0.0/0.0/-4.371139E-8/1.0/0.0/-0.9510565/-0.30901712/-1.3507565E-8/0.0/0.0/0.0/0.0/1.0,-0.3090171/0.0/0.9510565/0.9510566/4.371139E-8/0.30901712/4.1572E-8/-1.0/1.3507565E-8/0.3090171/-0.9510566/-4.1572E-8/0.0/0.0/-4.371139E-8/1.0/0.0/-0.9510565/-0.30901712/-1.3507565E-8/0.0/0.0/0.0/0.0/1.0,-0.3090171/0.0/0.9510565/0.9510566/4.371139E-8/0.30901712/4.1572E-8/-1.0/1.3507565E-8/0.3090171/-0.9510566/-4.1572E-8/0.0/0.0/-4.371139E-8/1.0/0.0/-0.9510565/-0.30901712/-1.3507565E-8/0.0/0.0/0.0/0.0/1.0,-0.3090171/0.0/0.9510565/0.9510566/4.371139E-8/0.30901712/4.1572E-8/-1.0/1.3507565E-8/0.3090171/-0.9510566/-4.1572E-8/0.0/0.0/-4.371139E-8/1.0/0.0/-0.9510565/-0.30901712/-1.3507565E-8/0.0/0.0/0.0/0.0/1.0,-0.3090171/0.0/0.9510565/0.9510566/4.371139E-8/0.30901712/4.1572E-8/-1.0/1.3507565E-8/0.3090171/-0.9510566/-4.1572E-8/0.0/0.0/-4.371139E-8/1.0/0.0/-0.9510565/-0.30901712/-1.3507565E-8/0.0/0.0/0.0/0.0/1.0
		}

		5
		{
			pos = 0.0,0.42,0.043,0.0,0.42,0.043,0.0,0.42,0.043,0.0,0.42,0.043,0.0,0.42,0.043,0.0,0.42,0.043
			copytarget = true,true,true,true,true,true
			weaponname = CANNON6,CANNON6,CANNON6,CANNON6,CANNON6,CANNON6
			direction = 0.99999994/8.742277E-8/-3.8213705E-15/0.0/4.371138E-8/0.9999999/-8.742278E-8/1.0/-4.371139E-8/-0.9999999/0.0/8.742278E-8/0.0/-8.742276E-8/-4.3711374E-8/-0.99999994/0.0/3.5527137E-15/-0.99999976/4.3711385E-8/0.0/0.0/0.0/0.0/1.0,0.99999994/8.742277E-8/-3.8213705E-15/0.0/4.371138E-8/0.9999999/-8.742278E-8/1.0/-4.371139E-8/-0.9999999/0.0/8.742278E-8/0.0/-8.742276E-8/-4.3711374E-8/-0.99999994/0.0/3.5527137E-15/-0.99999976/4.3711385E-8/0.0/0.0/0.0/0.0/1.0,0.99999994/8.742277E-8/-3.8213705E-15/0.0/4.371138E-8/0.9999999/-8.742278E-8/1.0/-4.371139E-8/-0.9999999/0.0/8.742278E-8/0.0/-8.742276E-8/-4.3711374E-8/-0.99999994/0.0/3.5527137E-15/-0.99999976/4.3711385E-8/0.0/0.0/0.0/0.0/1.0,0.99999994/8.742277E-8/-3.8213705E-15/0.0/4.371138E-8/0.9999999/-8.742278E-8/1.0/-4.371139E-8/-0.9999999/0.0/8.742278E-8/0.0/-8.742276E-8/-4.3711374E-8/-0.99999994/0.0/3.5527137E-15/-0.99999976/4.3711385E-8/0.0/0.0/0.0/0.0/1.0,0.99999994/8.742277E-8/-3.8213705E-15/0.0/4.371138E-8/0.9999999/-8.742278E-8/1.0/-4.371139E-8/-0.9999999/0.0/8.742278E-8/0.0/-8.742276E-8/-4.3711374E-8/-0.99999994/0.0/3.5527137E-15/-0.99999976/4.3711385E-8/0.0/0.0/0.0/0.0/1.0,0.99999994/8.742277E-8/-3.8213705E-15/0.0/4.371138E-8/0.9999999/-8.742278E-8/1.0/-4.371139E-8/-0.9999999/0.0/8.742278E-8/0.0/-8.742276E-8/-4.3711374E-8/-0.99999994/0.0/3.5527137E-15/-0.99999976/4.3711385E-8/0.0/0.0/0.0/0.0/1.0
		}

		6
		{
			pos = -0.040895432,0.42,0.0132877305,-0.040895432,0.42,0.0132877305,-0.040895432,0.42,0.0132877305,-0.040895432,0.42,0.0132877305,-0.040895432,0.42,0.0132877305,-0.040895432,0.42,0.0132877305
			copytarget = false,false,false,false,false,false
			weaponname = CANNON6,CANNON6,CANNON6,CANNON6,CANNON6,CANNON6
			direction = 0.30901697/8.742277E-8/0.9510565/-0.9510565/4.3711385E-8/0.309017/-1.3786817E-8/1.0/-8.744214E-8/-0.30901694/0.95105636/0.0/0.0/-9.331284E-8/-2.9802322E-8/-0.99999994/0.0/-0.9510564/-0.3090169/8.940697E-8/0.0/0.0/0.0/0.0/1.0,0.30901697/8.742277E-8/0.9510565/-0.9510565/4.3711385E-8/0.309017/-1.3786817E-8/1.0/-8.744214E-8/-0.30901694/0.95105636/0.0/0.0/-9.331284E-8/-2.9802322E-8/-0.99999994/0.0/-0.9510564/-0.3090169/8.940697E-8/0.0/0.0/0.0/0.0/1.0,0.30901697/8.742277E-8/0.9510565/-0.9510565/4.3711385E-8/0.309017/-1.3786817E-8/1.0/-8.744214E-8/-0.30901694/0.95105636/0.0/0.0/-9.331284E-8/-2.9802322E-8/-0.99999994/0.0/-0.9510564/-0.3090169/8.940697E-8/0.0/0.0/0.0/0.0/1.0,0.30901697/8.742277E-8/0.9510565/-0.9510565/4.3711385E-8/0.309017/-1.3786817E-8/1.0/-8.744214E-8/-0.30901694/0.95105636/0.0/0.0/-9.331284E-8/-2.9802322E-8/-0.99999994/0.0/-0.9510564/-0.3090169/8.940697E-8/0.0/0.0/0.0/0.0/1.0,0.30901697/8.742277E-8/0.9510565/-0.9510565/4.3711385E-8/0.309017/-1.3786817E-8/1.0/-8.744214E-8/-0.30901694/0.95105636/0.0/0.0/-9.331284E-8/-2.9802322E-8/-0.99999994/0.0/-0.9510564/-0.3090169/8.940697E-8/0.0/0.0/0.0/0.0/1.0,0.30901697/8.742277E-8/0.9510565/-0.9510565/4.3711385E-8/0.309017/-1.3786817E-8/1.0/-8.744214E-8/-0.30901694/0.95105636/0.0/0.0/-9.331284E-8/-2.9802322E-8/-0.99999994/0.0/-0.9510564/-0.3090169/8.940697E-8/0.0/0.0/0.0/0.0/1.0
		}

		7
		{
			pos = -0.025274767,0.42,-0.034787733,-0.025274767,0.42,-0.034787733,-0.025274767,0.42,-0.034787733,-0.025274767,0.42,-0.034787733,-0.025274767,0.42,-0.034787733,-0.025274767,0.42,-0.034787733
			copytarget = true,true,true,true,true,true
			weaponname = CANNON6,CANNON6,CANNON6,CANNON6,CANNON6,CANNON6
			direction = -0.809017/8.742278E-8/0.58778524/-0.5877853/1.3909062E-8/-0.80901706/7.8902055E-8/1.0/-4.013315E-8/0.80901706/0.5877854/-1.1920929E-7/0.0/-8.533934E-8/0.0/-1.0000002/0.0/-0.5877853/0.8090173/0.0/0.0/0.0/0.0/0.0/1.0,-0.809017/8.742278E-8/0.58778524/-0.5877853/1.3909062E-8/-0.80901706/7.8902055E-8/1.0/-4.013315E-8/0.80901706/0.5877854/-1.1920929E-7/0.0/-8.533934E-8/0.0/-1.0000002/0.0/-0.5877853/0.8090173/0.0/0.0/0.0/0.0/0.0/1.0,-0.809017/8.742278E-8/0.58778524/-0.5877853/1.3909062E-8/-0.80901706/7.8902055E-8/1.0/-4.013315E-8/0.80901706/0.5877854/-1.1920929E-7/0.0/-8.533934E-8/0.0/-1.0000002/0.0/-0.5877853/0.8090173/0.0/0.0/0.0/0.0/0.0/1.0,-0.809017/8.742278E-8/0.58778524/-0.5877853/1.3909062E-8/-0.80901706/7.8902055E-8/1.0/-4.013315E-8/0.80901706/0.5877854/-1.1920929E-7/0.0/-8.533934E-8/0.0/-1.0000002/0.0/-0.5877853/0.8090173/0.0/0.0/0.0/0.0/0.0/1.0,-0.809017/8.742278E-8/0.58778524/-0.5877853/1.3909062E-8/-0.80901706/7.8902055E-8/1.0/-4.013315E-8/0.80901706/0.5877854/-1.1920929E-7/0.0/-8.533934E-8/0.0/-1.0000002/0.0/-0.5877853/0.8090173/0.0/0.0/0.0/0.0/0.0/1.0,-0.809017/8.742278E-8/0.58778524/-0.5877853/1.3909062E-8/-0.80901706/7.8902055E-8/1.0/-4.013315E-8/0.80901706/0.5877854/-1.1920929E-7/0.0/-8.533934E-8/0.0/-1.0000002/0.0/-0.5877853/0.8090173/0.0/0.0/0.0/0.0/0.0/1.0
		}

		8
		{
			pos = 0.025274768,0.42,-0.034787733,0.025274768,0.42,-0.034787733,0.025274768,0.42,-0.034787733,0.025274768,0.42,-0.034787733,0.025274768,0.42,-0.034787733,0.025274768,0.42,-0.034787733
			copytarget = false,false,false,false,false,false
			weaponname = CANNON6,CANNON6,CANNON6,CANNON6,CANNON6,CANNON6
			direction = -0.8090168/8.742278E-8/-0.5877853/0.5877853/4.371138E-8/-0.80901676/2.7516226E-8/0.99999994/1.1085966E-7/0.809017/-0.5877853/2.9802322E-8/0.0/-7.8746126E-8/-1.1920929E-7/-0.9999999/0.0/0.58778536/0.8090168/-2.0861626E-7/0.0/0.0/0.0/0.0/1.0,-0.8090168/8.742278E-8/-0.5877853/0.5877853/4.371138E-8/-0.80901676/2.7516226E-8/0.99999994/1.1085966E-7/0.809017/-0.5877853/2.9802322E-8/0.0/-7.8746126E-8/-1.1920929E-7/-0.9999999/0.0/0.58778536/0.8090168/-2.0861626E-7/0.0/0.0/0.0/0.0/1.0,-0.8090168/8.742278E-8/-0.5877853/0.5877853/4.371138E-8/-0.80901676/2.7516226E-8/0.99999994/1.1085966E-7/0.809017/-0.5877853/2.9802322E-8/0.0/-7.8746126E-8/-1.1920929E-7/-0.9999999/0.0/0.58778536/0.8090168/-2.0861626E-7/0.0/0.0/0.0/0.0/1.0,-0.8090168/8.742278E-8/-0.5877853/0.5877853/4.371138E-8/-0.80901676/2.7516226E-8/0.99999994/1.1085966E-7/0.809017/-0.5877853/2.9802322E-8/0.0/-7.8746126E-8/-1.1920929E-7/-0.9999999/0.0/0.58778536/0.8090168/-2.0861626E-7/0.0/0.0/0.0/0.0/1.0,-0.8090168/8.742278E-8/-0.5877853/0.5877853/4.371138E-8/-0.80901676/2.7516226E-8/0.99999994/1.1085966E-7/0.809017/-0.5877853/2.9802322E-8/0.0/-7.8746126E-8/-1.1920929E-7/-0.9999999/0.0/0.58778536/0.8090168/-2.0861626E-7/0.0/0.0/0.0/0.0/1.0,-0.8090168/8.742278E-8/-0.5877853/0.5877853/4.371138E-8/-0.80901676/2.7516226E-8/0.99999994/1.1085966E-7/0.809017/-0.5877853/2.9802322E-8/0.0/-7.8746126E-8/-1.1920929E-7/-0.9999999/0.0/0.58778536/0.8090168/-2.0861626E-7/0.0/0.0/0.0/0.0/1.0
		}

		9
		{
			pos = 0.040895432,0.42,0.013287733,0.040895432,0.42,0.013287733,0.040895432,0.42,0.013287733,0.040895432,0.42,0.013287733,0.040895432,0.42,0.013287733,0.040895432,0.42,0.013287733
			copytarget = true,true,true,true,true,true
			weaponname = CANNON6,CANNON6,CANNON6,CANNON6,CANNON6,CANNON6
			direction = 0.30901712/8.742278E-8/-0.95105654/0.9510566/4.3711385E-8/0.30901715/-6.858713E-8/1.0/6.9636435E-8/-0.30901715/-0.95105684/5.9604645E-8/0.0/-8.835043E-8/-5.9604645E-8/-1.0000002/0.0/0.95105666/-0.3090172/-6.7055225E-8/0.0/0.0/0.0/0.0/1.0,0.30901712/8.742278E-8/-0.95105654/0.9510566/4.3711385E-8/0.30901715/-6.858713E-8/1.0/6.9636435E-8/-0.30901715/-0.95105684/5.9604645E-8/0.0/-8.835043E-8/-5.9604645E-8/-1.0000002/0.0/0.95105666/-0.3090172/-6.7055225E-8/0.0/0.0/0.0/0.0/1.0,0.30901712/8.742278E-8/-0.95105654/0.9510566/4.3711385E-8/0.30901715/-6.858713E-8/1.0/6.9636435E-8/-0.30901715/-0.95105684/5.9604645E-8/0.0/-8.835043E-8/-5.9604645E-8/-1.0000002/0.0/0.95105666/-0.3090172/-6.7055225E-8/0.0/0.0/0.0/0.0/1.0,0.30901712/8.742278E-8/-0.95105654/0.9510566/4.3711385E-8/0.30901715/-6.858713E-8/1.0/6.9636435E-8/-0.30901715/-0.95105684/5.9604645E-8/0.0/-8.835043E-8/-5.9604645E-8/-1.0000002/0.0/0.95105666/-0.3090172/-6.7055225E-8/0.0/0.0/0.0/0.0/1.0,0.30901712/8.742278E-8/-0.95105654/0.9510566/4.3711385E-8/0.30901715/-6.858713E-8/1.0/6.9636435E-8/-0.30901715/-0.95105684/5.9604645E-8/0.0/-8.835043E-8/-5.9604645E-8/-1.0000002/0.0/0.95105666/-0.3090172/-6.7055225E-8/0.0/0.0/0.0/0.0/1.0,0.30901712/8.742278E-8/-0.95105654/0.9510566/4.3711385E-8/0.30901715/-6.858713E-8/1.0/6.9636435E-8/-0.30901715/-0.95105684/5.9604645E-8/0.0/-8.835043E-8/-5.9604645E-8/-1.0000002/0.0/0.95105666/-0.3090172/-6.7055225E-8/0.0/0.0/0.0/0.0/1.0
		}
	}

	port
	{
		0
		{
			pos = 0.0,-0.52500004,0.0,0.0,-0.52500004,0.0,0.0,-0.52500004,0.0,0.0,-0.52500004,0.0,0.0,-0.52500004,0.0,0.0,-0.52500004,0.0
			size = 0.0,25.0,0.0,25.0,0.0,25.0,0.0,25.0,0.0,25.0,0.0,25.0
			visible = false,false,false,false,false,false
			rotation = 0.0,0.0,0.0,0.0,0.0,0.0
		}

		1
		{
			pos = 0.0,-0.52500004,0.0,0.0,-0.52500004,0.0,0.0,-0.52500004,0.0,0.0,-0.52500004,0.0,0.0,-0.52500004,0.0,0.0,-0.52500004,0.0
			size = 0.0,25.0,0.0,25.0,0.0,25.0,0.0,25.0,0.0,25.0,0.0,25.0
			visible = false,false,false,false,false,false
			rotation = 0.0,0.0,0.0,0.0,0.0,0.0
		}

		2
		{
			pos = 0.0,-0.52500004,0.0,0.0,-0.52500004,0.0,0.0,-0.52500004,0.0,0.0,-0.52500004,0.0,0.0,-0.52500004,0.0,0.0,-0.52500004,0.0
			size = 0.0,25.0,0.0,25.0,0.0,25.0,0.0,25.0,0.0,25.0,0.0,25.0
			visible = false,false,false,false,false,false
			rotation = 0.0,0.0,0.0,0.0,0.0,0.0
		}

		3
		{
			pos = 0.0,0.52500004,0.0,0.0,0.52500004,0.0,0.0,0.52500004,0.0,0.0,0.52500004,0.0,0.0,0.52500004,0.0,0.0,0.52500004,0.0
			size = 0.0,25.0,0.0,25.0,0.0,25.0,0.0,25.0,0.0,25.0,0.0,25.0
			visible = false,false,false,false,false,false
			rotation = 0.0,0.0,0.0,0.0,0.0,0.0
		}

		4
		{
			pos = 0.0,0.52500004,0.0,0.0,0.52500004,0.0,0.0,0.52500004,0.0,0.0,0.52500004,0.0,0.0,0.52500004,0.0,0.0,0.52500004,0.0
			size = 0.0,25.0,0.0,25.0,0.0,25.0,0.0,25.0,0.0,25.0,0.0,25.0
			visible = false,false,false,false,false,false
			rotation = 0.0,0.0,0.0,0.0,0.0,0.0
		}

		5
		{
			pos = 0.0,0.52500004,0.0,0.0,0.52500004,0.0,0.0,0.52500004,0.0,0.0,0.52500004,0.0,0.0,0.52500004,0.0,0.0,0.52500004,0.0
			size = 0.0,25.0,0.0,25.0,0.0,25.0,0.0,25.0,0.0,25.0,0.0,25.0
			visible = false,false,false,false,false,false
			rotation = 0.0,0.0,0.0,0.0,0.0,0.0
		}
	}
	thrust = 
	container = 
}

model
{
	uselight = true,true,true,true,true,true
	metal = STATION/10m,STATION/10m,STATION/10m,STATION/10m,STATION/10m,STATION/10m
	glass = STATION/10g,STATION/10g,STATION/10g,STATION/10g,STATION/10g,STATION/10g
}

thrust
{
	model = ,
	texture = ,
}
