class
{
	rank = 2,2,2,2,2,2
	name = 0,0,0,0,0,0
}

info
{
	size = 2135.3,2135.3,2135.3,2135.3,2135.3,2135.3
	health = 107593.0,107593.0,107593.0,107593.0,107593.0,107593.0
	shield = 29608.0,29608.0,29608.0,29608.0,29608.0,29608.0
	mass = 5807.9,5807.9,5807.9,5807.9,5807.9,5807.9
	maxcargo = 1742,1742,1742,1742,1742,1742
}
name = Unknown,Unknown,Unknown,Unknown,Unknown,Unknown
manufacturer = RDC,RDC,RDC,RDC,RDC,RDC

components
{
	collider
	{
		0
		{
			pos = 0.0,0.0,0.0,0.0,0.0,0.0,0.0,0.0,0.0,0.0,0.0,0.0,0.0,0.0,0.0,0.0,0.0,0.0
			size = 0.19,0.19,0.19,0.19,0.19,0.19
			strength = 2,2,2,2,2,2
		}

		1
		{
			pos = 2.2351744E-11,0.0,0.22000001,2.2351744E-11,0.0,0.22000001,2.2351744E-11,0.0,0.22000001,2.2351744E-11,0.0,0.22000001,2.2351744E-11,0.0,0.22000001,2.2351744E-11,0.0,0.22000001
			size = 0.030000001,0.030000001,0.030000001,0.030000001,0.030000001,0.030000001
			strength = 0,0,0,0,0,0
		}

		2
		{
			pos = 2.2351744E-11,0.0,0.275,2.2351744E-11,0.0,0.275,2.2351744E-11,0.0,0.275,2.2351744E-11,0.0,0.275,2.2351744E-11,0.0,0.275,2.2351744E-11,0.0,0.275
			size = 0.030000001,0.030000001,0.030000001,0.030000001,0.030000001,0.030000001
			strength = 0,0,0,0,0,0
		}

		3
		{
			pos = 2.2351744E-11,0.0,0.32500002,2.2351744E-11,0.0,0.32500002,2.2351744E-11,0.0,0.32500002,2.2351744E-11,0.0,0.32500002,2.2351744E-11,0.0,0.32500002,2.2351744E-11,0.0,0.32500002
			size = 0.030000001,0.030000001,0.030000001,0.030000001,0.030000001,0.030000001
			strength = 0,0,0,0,0,0
		}

		4
		{
			pos = 2.2351744E-11,0.0,0.38,2.2351744E-11,0.0,0.38,2.2351744E-11,0.0,0.38,2.2351744E-11,0.0,0.38,2.2351744E-11,0.0,0.38,2.2351744E-11,0.0,0.38
			size = 0.030000001,0.030000001,0.030000001,0.030000001,0.030000001,0.030000001
			strength = 0,0,0,0,0,0
		}

		5
		{
			pos = 2.2351744E-11,0.0,-0.22000001,2.2351744E-11,0.0,-0.22000001,2.2351744E-11,0.0,-0.22000001,2.2351744E-11,0.0,-0.22000001,2.2351744E-11,0.0,-0.22000001,2.2351744E-11,0.0,-0.22000001
			size = 0.030000001,0.030000001,0.030000001,0.030000001,0.030000001,0.030000001
			strength = 0,0,0,0,0,0
		}

		6
		{
			pos = 2.2351744E-11,0.0,-0.275,2.2351744E-11,0.0,-0.275,2.2351744E-11,0.0,-0.275,2.2351744E-11,0.0,-0.275,2.2351744E-11,0.0,-0.275,2.2351744E-11,0.0,-0.275
			size = 0.030000001,0.030000001,0.030000001,0.030000001,0.030000001,0.030000001
			strength = 0,0,0,0,0,0
		}

		7
		{
			pos = 2.2351744E-11,0.0,-0.32500002,2.2351744E-11,0.0,-0.32500002,2.2351744E-11,0.0,-0.32500002,2.2351744E-11,0.0,-0.32500002,2.2351744E-11,0.0,-0.32500002,2.2351744E-11,0.0,-0.32500002
			size = 0.030000001,0.030000001,0.030000001,0.030000001,0.030000001,0.030000001
			strength = 0,0,0,0,0,0
		}

		8
		{
			pos = 2.2351744E-11,0.0,-0.38,2.2351744E-11,0.0,-0.38,2.2351744E-11,0.0,-0.38,2.2351744E-11,0.0,-0.38,2.2351744E-11,0.0,-0.38,2.2351744E-11,0.0,-0.38
			size = 0.030000001,0.030000001,0.030000001,0.030000001,0.030000001,0.030000001
			strength = 0,0,0,0,0,0
		}

		9
		{
			pos = 0.0,-0.13,0.155,0.0,-0.13,0.155,0.0,-0.13,0.155,0.0,-0.13,0.155,0.0,-0.13,0.155,0.0,-0.13,0.155
			size = 0.020000001,0.020000001,0.020000001,0.020000001,0.020000001,0.020000001
			strength = 0,0,0,0,0,0
		}

		10
		{
			pos = 0.0,-0.15,0.17999999,0.0,-0.15,0.17999999,0.0,-0.15,0.17999999,0.0,-0.15,0.17999999,0.0,-0.15,0.17999999,0.0,-0.15,0.17999999
			size = 0.020000001,0.020000001,0.020000001,0.020000001,0.020000001,0.020000001
			strength = 0,0,0,0,0,0
		}

		11
		{
			pos = 0.0,-0.17,0.205,0.0,-0.17,0.205,0.0,-0.17,0.205,0.0,-0.17,0.205,0.0,-0.17,0.205,0.0,-0.17,0.205
			size = 0.020000001,0.020000001,0.020000001,0.020000001,0.020000001,0.020000001
			strength = 0,0,0,0,0,0
		}

		12
		{
			pos = 0.0,0.13,-0.155,0.0,0.13,-0.155,0.0,0.13,-0.155,0.0,0.13,-0.155,0.0,0.13,-0.155,0.0,0.13,-0.155
			size = 0.020000001,0.020000001,0.020000001,0.020000001,0.020000001,0.020000001
			strength = 0,0,0,0,0,0
		}

		13
		{
			pos = 0.0,0.15,-0.17999999,0.0,0.15,-0.17999999,0.0,0.15,-0.17999999,0.0,0.15,-0.17999999,0.0,0.15,-0.17999999,0.0,0.15,-0.17999999
			size = 0.020000001,0.020000001,0.020000001,0.020000001,0.020000001,0.020000001
			strength = 0,0,0,0,0,0
		}

		14
		{
			pos = 0.0,0.17,-0.205,0.0,0.17,-0.205,0.0,0.17,-0.205,0.0,0.17,-0.205,0.0,0.17,-0.205,0.0,0.17,-0.205
			size = 0.020000001,0.020000001,0.020000001,0.020000001,0.020000001,0.020000001
			strength = 0,0,0,0,0,0
		}

		15
		{
			pos = 2.2351744E-11,0.0,0.45000002,2.2351744E-11,0.0,0.45000002,2.2351744E-11,0.0,0.45000002,2.2351744E-11,0.0,0.45000002,2.2351744E-11,0.0,0.45000002,2.2351744E-11,0.0,0.45000002
			size = 0.055000003,0.055000003,0.055000003,0.055000003,0.055000003,0.055000003
			strength = 1,1,1,1,1,1
		}

		16
		{
			pos = 0.080000006,0.040000003,0.44000003,0.080000006,0.040000003,0.44000003,0.080000006,0.040000003,0.44000003,0.080000006,0.040000003,0.44000003,0.080000006,0.040000003,0.44000003,0.080000006,0.040000003,0.44000003
			size = 0.055000003,0.055000003,0.055000003,0.055000003,0.055000003,0.055000003
			strength = 1,1,1,1,1,1
		}

		17
		{
			pos = 0.155,0.085,0.41,0.155,0.085,0.41,0.155,0.085,0.41,0.155,0.085,0.41,0.155,0.085,0.41,0.155,0.085,0.41
			size = 0.055000003,0.055000003,0.055000003,0.055000003,0.055000003,0.055000003
			strength = 1,1,1,1,1,1
		}

		18
		{
			pos = 0.22500001,0.125,0.37,0.22500001,0.125,0.37,0.22500001,0.125,0.37,0.22500001,0.125,0.37,0.22500001,0.125,0.37,0.22500001,0.125,0.37
			size = 0.055000003,0.055000003,0.055000003,0.055000003,0.055000003,0.055000003
			strength = 1,1,1,1,1,1
		}

		19
		{
			pos = 0.285,0.16000001,0.31,0.285,0.16000001,0.31,0.285,0.16000001,0.31,0.285,0.16000001,0.31,0.285,0.16000001,0.31,0.285,0.16000001,0.31
			size = 0.055000003,0.055000003,0.055000003,0.055000003,0.055000003,0.055000003
			strength = 1,1,1,1,1,1
		}

		20
		{
			pos = 0.33,0.19,0.245,0.33,0.19,0.245,0.33,0.19,0.245,0.33,0.19,0.245,0.33,0.19,0.245,0.33,0.19,0.245
			size = 0.055000003,0.055000003,0.055000003,0.055000003,0.055000003,0.055000003
			strength = 1,1,1,1,1,1
		}

		21
		{
			pos = 0.365,0.21,0.17,0.365,0.21,0.17,0.365,0.21,0.17,0.365,0.21,0.17,0.365,0.21,0.17,0.365,0.21,0.17
			size = 0.055000003,0.055000003,0.055000003,0.055000003,0.055000003,0.055000003
			strength = 1,1,1,1,1,1
		}

		22
		{
			pos = 0.385,0.22000001,0.089999996,0.385,0.22000001,0.089999996,0.385,0.22000001,0.089999996,0.385,0.22000001,0.089999996,0.385,0.22000001,0.089999996,0.385,0.22000001,0.089999996
			size = 0.055000003,0.055000003,0.055000003,0.055000003,0.055000003,0.055000003
			strength = 1,1,1,1,1,1
		}

		23
		{
			pos = 0.39000002,0.22000001,0.0,0.39000002,0.22000001,0.0,0.39000002,0.22000001,0.0,0.39000002,0.22000001,0.0,0.39000002,0.22000001,0.0,0.39000002,0.22000001,0.0
			size = 0.055000003,0.055000003,0.055000003,0.055000003,0.055000003,0.055000003
			strength = 1,1,1,1,1,1
		}

		24
		{
			pos = 2.2351744E-11,0.0,-0.45000002,2.2351744E-11,0.0,-0.45000002,2.2351744E-11,0.0,-0.45000002,2.2351744E-11,0.0,-0.45000002,2.2351744E-11,0.0,-0.45000002,2.2351744E-11,0.0,-0.45000002
			size = 0.055000003,0.055000003,0.055000003,0.055000003,0.055000003,0.055000003
			strength = 1,1,1,1,1,1
		}

		25
		{
			pos = 0.080000006,0.040000003,-0.44000003,0.080000006,0.040000003,-0.44000003,0.080000006,0.040000003,-0.44000003,0.080000006,0.040000003,-0.44000003,0.080000006,0.040000003,-0.44000003,0.080000006,0.040000003,-0.44000003
			size = 0.055000003,0.055000003,0.055000003,0.055000003,0.055000003,0.055000003
			strength = 1,1,1,1,1,1
		}

		26
		{
			pos = 0.155,0.085,-0.41,0.155,0.085,-0.41,0.155,0.085,-0.41,0.155,0.085,-0.41,0.155,0.085,-0.41,0.155,0.085,-0.41
			size = 0.055000003,0.055000003,0.055000003,0.055000003,0.055000003,0.055000003
			strength = 1,1,1,1,1,1
		}

		27
		{
			pos = 0.22500001,0.125,-0.37,0.22500001,0.125,-0.37,0.22500001,0.125,-0.37,0.22500001,0.125,-0.37,0.22500001,0.125,-0.37,0.22500001,0.125,-0.37
			size = 0.055000003,0.055000003,0.055000003,0.055000003,0.055000003,0.055000003
			strength = 1,1,1,1,1,1
		}

		28
		{
			pos = 0.285,0.16000001,-0.31,0.285,0.16000001,-0.31,0.285,0.16000001,-0.31,0.285,0.16000001,-0.31,0.285,0.16000001,-0.31,0.285,0.16000001,-0.31
			size = 0.055000003,0.055000003,0.055000003,0.055000003,0.055000003,0.055000003
			strength = 1,1,1,1,1,1
		}

		29
		{
			pos = 0.33,0.19,-0.245,0.33,0.19,-0.245,0.33,0.19,-0.245,0.33,0.19,-0.245,0.33,0.19,-0.245,0.33,0.19,-0.245
			size = 0.055000003,0.055000003,0.055000003,0.055000003,0.055000003,0.055000003
			strength = 1,1,1,1,1,1
		}

		30
		{
			pos = 0.365,0.21,-0.17,0.365,0.21,-0.17,0.365,0.21,-0.17,0.365,0.21,-0.17,0.365,0.21,-0.17,0.365,0.21,-0.17
			size = 0.055000003,0.055000003,0.055000003,0.055000003,0.055000003,0.055000003
			strength = 1,1,1,1,1,1
		}

		31
		{
			pos = 0.385,0.22000001,-0.089999996,0.385,0.22000001,-0.089999996,0.385,0.22000001,-0.089999996,0.385,0.22000001,-0.089999996,0.385,0.22000001,-0.089999996,0.385,0.22000001,-0.089999996
			size = 0.055000003,0.055000003,0.055000003,0.055000003,0.055000003,0.055000003
			strength = 1,1,1,1,1,1
		}

		32
		{
			pos = -0.080000006,-0.040000003,0.44000003,-0.080000006,-0.040000003,0.44000003,-0.080000006,-0.040000003,0.44000003,-0.080000006,-0.040000003,0.44000003,-0.080000006,-0.040000003,0.44000003,-0.080000006,-0.040000003,0.44000003
			size = 0.055000003,0.055000003,0.055000003,0.055000003,0.055000003,0.055000003
			strength = 1,1,1,1,1,1
		}

		33
		{
			pos = -0.155,-0.085,0.41,-0.155,-0.085,0.41,-0.155,-0.085,0.41,-0.155,-0.085,0.41,-0.155,-0.085,0.41,-0.155,-0.085,0.41
			size = 0.055000003,0.055000003,0.055000003,0.055000003,0.055000003,0.055000003
			strength = 1,1,1,1,1,1
		}

		34
		{
			pos = -0.22500001,-0.125,0.37,-0.22500001,-0.125,0.37,-0.22500001,-0.125,0.37,-0.22500001,-0.125,0.37,-0.22500001,-0.125,0.37,-0.22500001,-0.125,0.37
			size = 0.055000003,0.055000003,0.055000003,0.055000003,0.055000003,0.055000003
			strength = 1,1,1,1,1,1
		}

		35
		{
			pos = -0.285,-0.16000001,0.31,-0.285,-0.16000001,0.31,-0.285,-0.16000001,0.31,-0.285,-0.16000001,0.31,-0.285,-0.16000001,0.31,-0.285,-0.16000001,0.31
			size = 0.055000003,0.055000003,0.055000003,0.055000003,0.055000003,0.055000003
			strength = 1,1,1,1,1,1
		}

		36
		{
			pos = -0.33,-0.19,0.245,-0.33,-0.19,0.245,-0.33,-0.19,0.245,-0.33,-0.19,0.245,-0.33,-0.19,0.245,-0.33,-0.19,0.245
			size = 0.055000003,0.055000003,0.055000003,0.055000003,0.055000003,0.055000003
			strength = 1,1,1,1,1,1
		}

		37
		{
			pos = -0.365,-0.21,0.17,-0.365,-0.21,0.17,-0.365,-0.21,0.17,-0.365,-0.21,0.17,-0.365,-0.21,0.17,-0.365,-0.21,0.17
			size = 0.055000003,0.055000003,0.055000003,0.055000003,0.055000003,0.055000003
			strength = 1,1,1,1,1,1
		}

		38
		{
			pos = -0.385,-0.22000001,0.089999996,-0.385,-0.22000001,0.089999996,-0.385,-0.22000001,0.089999996,-0.385,-0.22000001,0.089999996,-0.385,-0.22000001,0.089999996,-0.385,-0.22000001,0.089999996
			size = 0.055000003,0.055000003,0.055000003,0.055000003,0.055000003,0.055000003
			strength = 1,1,1,1,1,1
		}

		39
		{
			pos = -0.39000002,-0.22000001,0.0,-0.39000002,-0.22000001,0.0,-0.39000002,-0.22000001,0.0,-0.39000002,-0.22000001,0.0,-0.39000002,-0.22000001,0.0,-0.39000002,-0.22000001,0.0
			size = 0.055000003,0.055000003,0.055000003,0.055000003,0.055000003,0.055000003
			strength = 1,1,1,1,1,1
		}

		40
		{
			pos = -0.080000006,-0.040000003,-0.44000003,-0.080000006,-0.040000003,-0.44000003,-0.080000006,-0.040000003,-0.44000003,-0.080000006,-0.040000003,-0.44000003,-0.080000006,-0.040000003,-0.44000003,-0.080000006,-0.040000003,-0.44000003
			size = 0.055000003,0.055000003,0.055000003,0.055000003,0.055000003,0.055000003
			strength = 1,1,1,1,1,1
		}

		41
		{
			pos = -0.155,-0.085,-0.41,-0.155,-0.085,-0.41,-0.155,-0.085,-0.41,-0.155,-0.085,-0.41,-0.155,-0.085,-0.41,-0.155,-0.085,-0.41
			size = 0.055000003,0.055000003,0.055000003,0.055000003,0.055000003,0.055000003
			strength = 1,1,1,1,1,1
		}

		42
		{
			pos = -0.22500001,-0.125,-0.37,-0.22500001,-0.125,-0.37,-0.22500001,-0.125,-0.37,-0.22500001,-0.125,-0.37,-0.22500001,-0.125,-0.37,-0.22500001,-0.125,-0.37
			size = 0.055000003,0.055000003,0.055000003,0.055000003,0.055000003,0.055000003
			strength = 1,1,1,1,1,1
		}

		43
		{
			pos = -0.285,-0.16000001,-0.31,-0.285,-0.16000001,-0.31,-0.285,-0.16000001,-0.31,-0.285,-0.16000001,-0.31,-0.285,-0.16000001,-0.31,-0.285,-0.16000001,-0.31
			size = 0.055000003,0.055000003,0.055000003,0.055000003,0.055000003,0.055000003
			strength = 1,1,1,1,1,1
		}

		44
		{
			pos = -0.33,-0.19,-0.245,-0.33,-0.19,-0.245,-0.33,-0.19,-0.245,-0.33,-0.19,-0.245,-0.33,-0.19,-0.245,-0.33,-0.19,-0.245
			size = 0.055000003,0.055000003,0.055000003,0.055000003,0.055000003,0.055000003
			strength = 1,1,1,1,1,1
		}

		45
		{
			pos = -0.365,-0.21,-0.17,-0.365,-0.21,-0.17,-0.365,-0.21,-0.17,-0.365,-0.21,-0.17,-0.365,-0.21,-0.17,-0.365,-0.21,-0.17
			size = 0.055000003,0.055000003,0.055000003,0.055000003,0.055000003,0.055000003
			strength = 1,1,1,1,1,1
		}

		46
		{
			pos = -0.385,-0.22000001,-0.089999996,-0.385,-0.22000001,-0.089999996,-0.385,-0.22000001,-0.089999996,-0.385,-0.22000001,-0.089999996,-0.385,-0.22000001,-0.089999996,-0.385,-0.22000001,-0.089999996
			size = 0.055000003,0.055000003,0.055000003,0.055000003,0.055000003,0.055000003
			strength = 1,1,1,1,1,1
		}

		47
		{
			pos = 0.308,0.0,0.0,0.308,0.0,0.0,0.308,0.0,0.0,0.308,0.0,0.0,0.308,0.0,0.0,0.308,0.0,0.0
			size = 0.036000002,0.036000002,0.036000002,0.036000002,0.036000002,0.036000002
			strength = 1,1,1,1,1,1
		}

		48
		{
			pos = 0.304,0.030000001,-0.040000003,0.304,0.030000001,-0.040000003,0.304,0.030000001,-0.040000003,0.304,0.030000001,-0.040000003,0.304,0.030000001,-0.040000003,0.304,0.030000001,-0.040000003
			size = 0.036000002,0.036000002,0.036000002,0.036000002,0.036000002,0.036000002
			strength = 1,1,1,1,1,1
		}

		49
		{
			pos = 0.29000002,0.065,-0.080000006,0.29000002,0.065,-0.080000006,0.29000002,0.065,-0.080000006,0.29000002,0.065,-0.080000006,0.29000002,0.065,-0.080000006,0.29000002,0.065,-0.080000006
			size = 0.036000002,0.036000002,0.036000002,0.036000002,0.036000002,0.036000002
			strength = 1,1,1,1,1,1
		}

		50
		{
			pos = 0.26500002,0.1,-0.120000005,0.26500002,0.1,-0.120000005,0.26500002,0.1,-0.120000005,0.26500002,0.1,-0.120000005,0.26500002,0.1,-0.120000005,0.26500002,0.1,-0.120000005
			size = 0.036000002,0.036000002,0.036000002,0.036000002,0.036000002,0.036000002
			strength = 1,1,1,1,1,1
		}

		51
		{
			pos = 0.23,0.13,-0.16000001,0.23,0.13,-0.16000001,0.23,0.13,-0.16000001,0.23,0.13,-0.16000001,0.23,0.13,-0.16000001,0.23,0.13,-0.16000001
			size = 0.036000002,0.036000002,0.036000002,0.036000002,0.036000002,0.036000002
			strength = 1,1,1,1,1,1
		}

		52
		{
			pos = 0.17999999,0.155,-0.19500001,0.17999999,0.155,-0.19500001,0.17999999,0.155,-0.19500001,0.17999999,0.155,-0.19500001,0.17999999,0.155,-0.19500001,0.17999999,0.155,-0.19500001
			size = 0.036000002,0.036000002,0.036000002,0.036000002,0.036000002,0.036000002
			strength = 1,1,1,1,1,1
		}

		53
		{
			pos = 0.125,0.17999999,-0.21500002,0.125,0.17999999,-0.21500002,0.125,0.17999999,-0.21500002,0.125,0.17999999,-0.21500002,0.125,0.17999999,-0.21500002,0.125,0.17999999,-0.21500002
			size = 0.036000002,0.036000002,0.036000002,0.036000002,0.036000002,0.036000002
			strength = 1,1,1,1,1,1
		}

		54
		{
			pos = 0.065,0.19,-0.235,0.065,0.19,-0.235,0.065,0.19,-0.235,0.065,0.19,-0.235,0.065,0.19,-0.235,0.065,0.19,-0.235
			size = 0.036000002,0.036000002,0.036000002,0.036000002,0.036000002,0.036000002
			strength = 1,1,1,1,1,1
		}

		55
		{
			pos = 0.0,0.2,-0.235,0.0,0.2,-0.235,0.0,0.2,-0.235,0.0,0.2,-0.235,0.0,0.2,-0.235,0.0,0.2,-0.235
			size = 0.036000002,0.036000002,0.036000002,0.036000002,0.036000002,0.036000002
			strength = 1,1,1,1,1,1
		}

		56
		{
			pos = -0.308,0.0,0.0,-0.308,0.0,0.0,-0.308,0.0,0.0,-0.308,0.0,0.0,-0.308,0.0,0.0,-0.308,0.0,0.0
			size = 0.036000002,0.036000002,0.036000002,0.036000002,0.036000002,0.036000002
			strength = 1,1,1,1,1,1
		}

		57
		{
			pos = -0.304,0.030000001,-0.040000003,-0.304,0.030000001,-0.040000003,-0.304,0.030000001,-0.040000003,-0.304,0.030000001,-0.040000003,-0.304,0.030000001,-0.040000003,-0.304,0.030000001,-0.040000003
			size = 0.036000002,0.036000002,0.036000002,0.036000002,0.036000002,0.036000002
			strength = 1,1,1,1,1,1
		}

		58
		{
			pos = -0.29000002,0.065,-0.080000006,-0.29000002,0.065,-0.080000006,-0.29000002,0.065,-0.080000006,-0.29000002,0.065,-0.080000006,-0.29000002,0.065,-0.080000006,-0.29000002,0.065,-0.080000006
			size = 0.036000002,0.036000002,0.036000002,0.036000002,0.036000002,0.036000002
			strength = 1,1,1,1,1,1
		}

		59
		{
			pos = -0.26500002,0.1,-0.120000005,-0.26500002,0.1,-0.120000005,-0.26500002,0.1,-0.120000005,-0.26500002,0.1,-0.120000005,-0.26500002,0.1,-0.120000005,-0.26500002,0.1,-0.120000005
			size = 0.036000002,0.036000002,0.036000002,0.036000002,0.036000002,0.036000002
			strength = 1,1,1,1,1,1
		}

		60
		{
			pos = -0.23,0.13,-0.16000001,-0.23,0.13,-0.16000001,-0.23,0.13,-0.16000001,-0.23,0.13,-0.16000001,-0.23,0.13,-0.16000001,-0.23,0.13,-0.16000001
			size = 0.036000002,0.036000002,0.036000002,0.036000002,0.036000002,0.036000002
			strength = 1,1,1,1,1,1
		}

		61
		{
			pos = -0.17999999,0.155,-0.19500001,-0.17999999,0.155,-0.19500001,-0.17999999,0.155,-0.19500001,-0.17999999,0.155,-0.19500001,-0.17999999,0.155,-0.19500001,-0.17999999,0.155,-0.19500001
			size = 0.036000002,0.036000002,0.036000002,0.036000002,0.036000002,0.036000002
			strength = 1,1,1,1,1,1
		}

		62
		{
			pos = -0.125,0.17999999,-0.21500002,-0.125,0.17999999,-0.21500002,-0.125,0.17999999,-0.21500002,-0.125,0.17999999,-0.21500002,-0.125,0.17999999,-0.21500002,-0.125,0.17999999,-0.21500002
			size = 0.036000002,0.036000002,0.036000002,0.036000002,0.036000002,0.036000002
			strength = 1,1,1,1,1,1
		}

		63
		{
			pos = -0.065,0.19,-0.235,-0.065,0.19,-0.235,-0.065,0.19,-0.235,-0.065,0.19,-0.235,-0.065,0.19,-0.235,-0.065,0.19,-0.235
			size = 0.036000002,0.036000002,0.036000002,0.036000002,0.036000002,0.036000002
			strength = 1,1,1,1,1,1
		}

		64
		{
			pos = 0.304,-0.030000001,0.040000003,0.304,-0.030000001,0.040000003,0.304,-0.030000001,0.040000003,0.304,-0.030000001,0.040000003,0.304,-0.030000001,0.040000003,0.304,-0.030000001,0.040000003
			size = 0.036000002,0.036000002,0.036000002,0.036000002,0.036000002,0.036000002
			strength = 1,1,1,1,1,1
		}

		65
		{
			pos = 0.29000002,-0.065,0.080000006,0.29000002,-0.065,0.080000006,0.29000002,-0.065,0.080000006,0.29000002,-0.065,0.080000006,0.29000002,-0.065,0.080000006,0.29000002,-0.065,0.080000006
			size = 0.036000002,0.036000002,0.036000002,0.036000002,0.036000002,0.036000002
			strength = 1,1,1,1,1,1
		}

		66
		{
			pos = 0.26500002,-0.1,0.120000005,0.26500002,-0.1,0.120000005,0.26500002,-0.1,0.120000005,0.26500002,-0.1,0.120000005,0.26500002,-0.1,0.120000005,0.26500002,-0.1,0.120000005
			size = 0.036000002,0.036000002,0.036000002,0.036000002,0.036000002,0.036000002
			strength = 1,1,1,1,1,1
		}

		67
		{
			pos = 0.23,-0.13,0.16000001,0.23,-0.13,0.16000001,0.23,-0.13,0.16000001,0.23,-0.13,0.16000001,0.23,-0.13,0.16000001,0.23,-0.13,0.16000001
			size = 0.036000002,0.036000002,0.036000002,0.036000002,0.036000002,0.036000002
			strength = 1,1,1,1,1,1
		}

		68
		{
			pos = 0.17999999,-0.155,0.19500001,0.17999999,-0.155,0.19500001,0.17999999,-0.155,0.19500001,0.17999999,-0.155,0.19500001,0.17999999,-0.155,0.19500001,0.17999999,-0.155,0.19500001
			size = 0.036000002,0.036000002,0.036000002,0.036000002,0.036000002,0.036000002
			strength = 1,1,1,1,1,1
		}

		69
		{
			pos = 0.125,-0.17999999,0.21500002,0.125,-0.17999999,0.21500002,0.125,-0.17999999,0.21500002,0.125,-0.17999999,0.21500002,0.125,-0.17999999,0.21500002,0.125,-0.17999999,0.21500002
			size = 0.036000002,0.036000002,0.036000002,0.036000002,0.036000002,0.036000002
			strength = 1,1,1,1,1,1
		}

		70
		{
			pos = 0.065,-0.19,0.235,0.065,-0.19,0.235,0.065,-0.19,0.235,0.065,-0.19,0.235,0.065,-0.19,0.235,0.065,-0.19,0.235
			size = 0.036000002,0.036000002,0.036000002,0.036000002,0.036000002,0.036000002
			strength = 1,1,1,1,1,1
		}

		71
		{
			pos = 0.0,-0.2,0.235,0.0,-0.2,0.235,0.0,-0.2,0.235,0.0,-0.2,0.235,0.0,-0.2,0.235,0.0,-0.2,0.235
			size = 0.036000002,0.036000002,0.036000002,0.036000002,0.036000002,0.036000002
			strength = 1,1,1,1,1,1
		}

		72
		{
			pos = -0.304,-0.030000001,0.040000003,-0.304,-0.030000001,0.040000003,-0.304,-0.030000001,0.040000003,-0.304,-0.030000001,0.040000003,-0.304,-0.030000001,0.040000003,-0.304,-0.030000001,0.040000003
			size = 0.036000002,0.036000002,0.036000002,0.036000002,0.036000002,0.036000002
			strength = 1,1,1,1,1,1
		}

		73
		{
			pos = -0.29000002,-0.065,0.080000006,-0.29000002,-0.065,0.080000006,-0.29000002,-0.065,0.080000006,-0.29000002,-0.065,0.080000006,-0.29000002,-0.065,0.080000006,-0.29000002,-0.065,0.080000006
			size = 0.036000002,0.036000002,0.036000002,0.036000002,0.036000002,0.036000002
			strength = 1,1,1,1,1,1
		}

		74
		{
			pos = -0.26500002,-0.1,0.120000005,-0.26500002,-0.1,0.120000005,-0.26500002,-0.1,0.120000005,-0.26500002,-0.1,0.120000005,-0.26500002,-0.1,0.120000005,-0.26500002,-0.1,0.120000005
			size = 0.036000002,0.036000002,0.036000002,0.036000002,0.036000002,0.036000002
			strength = 1,1,1,1,1,1
		}

		75
		{
			pos = -0.23,-0.13,0.16000001,-0.23,-0.13,0.16000001,-0.23,-0.13,0.16000001,-0.23,-0.13,0.16000001,-0.23,-0.13,0.16000001,-0.23,-0.13,0.16000001
			size = 0.036000002,0.036000002,0.036000002,0.036000002,0.036000002,0.036000002
			strength = 1,1,1,1,1,1
		}

		76
		{
			pos = -0.17999999,-0.155,0.19500001,-0.17999999,-0.155,0.19500001,-0.17999999,-0.155,0.19500001,-0.17999999,-0.155,0.19500001,-0.17999999,-0.155,0.19500001,-0.17999999,-0.155,0.19500001
			size = 0.036000002,0.036000002,0.036000002,0.036000002,0.036000002,0.036000002
			strength = 1,1,1,1,1,1
		}

		77
		{
			pos = -0.125,-0.17999999,0.21500002,-0.125,-0.17999999,0.21500002,-0.125,-0.17999999,0.21500002,-0.125,-0.17999999,0.21500002,-0.125,-0.17999999,0.21500002,-0.125,-0.17999999,0.21500002
			size = 0.036000002,0.036000002,0.036000002,0.036000002,0.036000002,0.036000002
			strength = 1,1,1,1,1,1
		}

		78
		{
			pos = -0.065,-0.19,0.235,-0.065,-0.19,0.235,-0.065,-0.19,0.235,-0.065,-0.19,0.235,-0.065,-0.19,0.235,-0.065,-0.19,0.235
			size = 0.036000002,0.036000002,0.036000002,0.036000002,0.036000002,0.036000002
			strength = 1,1,1,1,1,1
		}
	}

	weapon
	{
		0
		{
			pos = 0.0,-0.012000001,0.223,0.0,-0.012000001,0.223,0.0,-0.012000001,0.223,0.0,-0.012000001,0.223,0.0,-0.012000001,0.223,0.0,-0.012000001,0.223
			copytarget = false,false,false,false,false,false
			weaponname = CANNON11,CANNON11,CANNON11,CANNON11,CANNON11,CANNON11
			direction = 4.371139E-8/-0.0/-1.0/0.0/-0.9999998/0.0/1.0/0.0/4.371139E-8/-4.371139E-8/0.0/-1.0/0.0/0.0/0.9999998/0.0/0.0/1.0/-0.0/-4.371139E-8/-0.0/0.0/0.0/0.0/1.0,4.371139E-8/-0.0/-1.0/0.0/-0.9999998/0.0/1.0/0.0/4.371139E-8/-4.371139E-8/0.0/-1.0/0.0/0.0/0.9999998/0.0/0.0/1.0/-0.0/-4.371139E-8/-0.0/0.0/0.0/0.0/1.0,4.371139E-8/-0.0/-1.0/0.0/-0.9999998/0.0/1.0/0.0/4.371139E-8/-4.371139E-8/0.0/-1.0/0.0/0.0/0.9999998/0.0/0.0/1.0/-0.0/-4.371139E-8/-0.0/0.0/0.0/0.0/1.0,4.371139E-8/-0.0/-1.0/0.0/-0.9999998/0.0/1.0/0.0/4.371139E-8/-4.371139E-8/0.0/-1.0/0.0/0.0/0.9999998/0.0/0.0/1.0/-0.0/-4.371139E-8/-0.0/0.0/0.0/0.0/1.0,4.371139E-8/-0.0/-1.0/0.0/-0.9999998/0.0/1.0/0.0/4.371139E-8/-4.371139E-8/0.0/-1.0/0.0/0.0/0.9999998/0.0/0.0/1.0/-0.0/-4.371139E-8/-0.0/0.0/0.0/0.0/1.0,4.371139E-8/-0.0/-1.0/0.0/-0.9999998/0.0/1.0/0.0/4.371139E-8/-4.371139E-8/0.0/-1.0/0.0/0.0/0.9999998/0.0/0.0/1.0/-0.0/-4.371139E-8/-0.0/0.0/0.0/0.0/1.0
		}

		1
		{
			pos = 0.012000001,5.245367E-10,0.223,0.012000001,5.245367E-10,0.223,0.012000001,5.245367E-10,0.223,0.012000001,5.245367E-10,0.223,0.012000001,5.245367E-10,0.223,0.012000001,5.245367E-10,0.223
			copytarget = true,true,true,true,true,true
			weaponname = CANNON11,CANNON11,CANNON11,CANNON11,CANNON11,CANNON11
			direction = -1.9106853E-15/4.371138E-8/-0.99999994/0.9999998/4.371138E-8/0.0/-4.3711385E-8/0.9999999/4.3711385E-8/1.9106853E-15/-0.9999998/4.3711385E-8/0.0/-4.371138E-8/-4.371138E-8/-0.9999999/0.0/0.99999994/0.0/-4.3711385E-8/0.0/0.0/0.0/0.0/1.0,-1.9106853E-15/4.371138E-8/-0.99999994/0.9999998/4.371138E-8/0.0/-4.3711385E-8/0.9999999/4.3711385E-8/1.9106853E-15/-0.9999998/4.3711385E-8/0.0/-4.371138E-8/-4.371138E-8/-0.9999999/0.0/0.99999994/0.0/-4.3711385E-8/0.0/0.0/0.0/0.0/1.0,-1.9106853E-15/4.371138E-8/-0.99999994/0.9999998/4.371138E-8/0.0/-4.3711385E-8/0.9999999/4.3711385E-8/1.9106853E-15/-0.9999998/4.3711385E-8/0.0/-4.371138E-8/-4.371138E-8/-0.9999999/0.0/0.99999994/0.0/-4.3711385E-8/0.0/0.0/0.0/0.0/1.0,-1.9106853E-15/4.371138E-8/-0.99999994/0.9999998/4.371138E-8/0.0/-4.3711385E-8/0.9999999/4.3711385E-8/1.9106853E-15/-0.9999998/4.3711385E-8/0.0/-4.371138E-8/-4.371138E-8/-0.9999999/0.0/0.99999994/0.0/-4.3711385E-8/0.0/0.0/0.0/0.0/1.0,-1.9106853E-15/4.371138E-8/-0.99999994/0.9999998/4.371138E-8/0.0/-4.3711385E-8/0.9999999/4.3711385E-8/1.9106853E-15/-0.9999998/4.3711385E-8/0.0/-4.371138E-8/-4.371138E-8/-0.9999999/0.0/0.99999994/0.0/-4.3711385E-8/0.0/0.0/0.0/0.0/1.0,-1.9106853E-15/4.371138E-8/-0.99999994/0.9999998/4.371138E-8/0.0/-4.3711385E-8/0.9999999/4.3711385E-8/1.9106853E-15/-0.9999998/4.3711385E-8/0.0/-4.371138E-8/-4.371138E-8/-0.9999999/0.0/0.99999994/0.0/-4.3711385E-8/0.0/0.0/0.0/0.0/1.0
		}

		2
		{
			pos = -1.0490734E-9,0.012000001,0.223,-1.0490734E-9,0.012000001,0.223,-1.0490734E-9,0.012000001,0.223,-1.0490734E-9,0.012000001,0.223,-1.0490734E-9,0.012000001,0.223,-1.0490734E-9,0.012000001,0.223
			copytarget = false,false,false,false,false,false
			weaponname = CANNON11,CANNON11,CANNON11,CANNON11,CANNON11,CANNON11
			direction = -4.371138E-8/-3.8213705E-15/-0.9999999/-8.742276E-8/0.9999998/-0.0/-0.9999999/-8.742277E-8/4.371138E-8/4.371138E-8/8.742276E-8/0.9999999/-0.0/3.8213705E-15/-0.9999998/8.742277E-8/0.0/0.9999999/0.0/-4.371138E-8/0.0/0.0/0.0/0.0/1.0,-4.371138E-8/-3.8213705E-15/-0.9999999/-8.742276E-8/0.9999998/-0.0/-0.9999999/-8.742277E-8/4.371138E-8/4.371138E-8/8.742276E-8/0.9999999/-0.0/3.8213705E-15/-0.9999998/8.742277E-8/0.0/0.9999999/0.0/-4.371138E-8/0.0/0.0/0.0/0.0/1.0,-4.371138E-8/-3.8213705E-15/-0.9999999/-8.742276E-8/0.9999998/-0.0/-0.9999999/-8.742277E-8/4.371138E-8/4.371138E-8/8.742276E-8/0.9999999/-0.0/3.8213705E-15/-0.9999998/8.742277E-8/0.0/0.9999999/0.0/-4.371138E-8/0.0/0.0/0.0/0.0/1.0,-4.371138E-8/-3.8213705E-15/-0.9999999/-8.742276E-8/0.9999998/-0.0/-0.9999999/-8.742277E-8/4.371138E-8/4.371138E-8/8.742276E-8/0.9999999/-0.0/3.8213705E-15/-0.9999998/8.742277E-8/0.0/0.9999999/0.0/-4.371138E-8/0.0/0.0/0.0/0.0/1.0,-4.371138E-8/-3.8213705E-15/-0.9999999/-8.742276E-8/0.9999998/-0.0/-0.9999999/-8.742277E-8/4.371138E-8/4.371138E-8/8.742276E-8/0.9999999/-0.0/3.8213705E-15/-0.9999998/8.742277E-8/0.0/0.9999999/0.0/-4.371138E-8/0.0/0.0/0.0/0.0/1.0,-4.371138E-8/-3.8213705E-15/-0.9999999/-8.742276E-8/0.9999998/-0.0/-0.9999999/-8.742277E-8/4.371138E-8/4.371138E-8/8.742276E-8/0.9999999/-0.0/3.8213705E-15/-0.9999998/8.742277E-8/0.0/0.9999999/0.0/-4.371138E-8/0.0/0.0/0.0/0.0/1.0
		}

		3
		{
			pos = -0.012000001,-1.5736102E-9,0.223,-0.012000001,-1.5736102E-9,0.223,-0.012000001,-1.5736102E-9,0.223,-0.012000001,-1.5736102E-9,0.223,-0.012000001,-1.5736102E-9,0.223,-0.012000001,-1.5736102E-9,0.223
			copytarget = true,true,true,true,true,true
			weaponname = CANNON11,CANNON11,CANNON11,CANNON11,CANNON11,CANNON11
			direction = 5.7320558E-15/-4.371138E-8/-0.9999998/-0.9999998/-1.3113414E-7/0.0/1.3113416E-7/-0.9999999/4.3711378E-8/-5.7320558E-15/0.9999998/-1.3113416E-7/0.0/4.371138E-8/1.3113414E-7/0.9999999/0.0/0.9999998/0.0/-4.3711378E-8/0.0/0.0/0.0/0.0/1.0,5.7320558E-15/-4.371138E-8/-0.9999998/-0.9999998/-1.3113414E-7/0.0/1.3113416E-7/-0.9999999/4.3711378E-8/-5.7320558E-15/0.9999998/-1.3113416E-7/0.0/4.371138E-8/1.3113414E-7/0.9999999/0.0/0.9999998/0.0/-4.3711378E-8/0.0/0.0/0.0/0.0/1.0,5.7320558E-15/-4.371138E-8/-0.9999998/-0.9999998/-1.3113414E-7/0.0/1.3113416E-7/-0.9999999/4.3711378E-8/-5.7320558E-15/0.9999998/-1.3113416E-7/0.0/4.371138E-8/1.3113414E-7/0.9999999/0.0/0.9999998/0.0/-4.3711378E-8/0.0/0.0/0.0/0.0/1.0,5.7320558E-15/-4.371138E-8/-0.9999998/-0.9999998/-1.3113414E-7/0.0/1.3113416E-7/-0.9999999/4.3711378E-8/-5.7320558E-15/0.9999998/-1.3113416E-7/0.0/4.371138E-8/1.3113414E-7/0.9999999/0.0/0.9999998/0.0/-4.3711378E-8/0.0/0.0/0.0/0.0/1.0,5.7320558E-15/-4.371138E-8/-0.9999998/-0.9999998/-1.3113414E-7/0.0/1.3113416E-7/-0.9999999/4.3711378E-8/-5.7320558E-15/0.9999998/-1.3113416E-7/0.0/4.371138E-8/1.3113414E-7/0.9999999/0.0/0.9999998/0.0/-4.3711378E-8/0.0/0.0/0.0/0.0/1.0,5.7320558E-15/-4.371138E-8/-0.9999998/-0.9999998/-1.3113414E-7/0.0/1.3113416E-7/-0.9999999/4.3711378E-8/-5.7320558E-15/0.9999998/-1.3113416E-7/0.0/4.371138E-8/1.3113414E-7/0.9999999/0.0/0.9999998/0.0/-4.3711378E-8/0.0/0.0/0.0/0.0/1.0
		}

		4
		{
			pos = 0.0,-0.012000001,0.375,0.0,-0.012000001,0.375,0.0,-0.012000001,0.375,0.0,-0.012000001,0.375,0.0,-0.012000001,0.375,0.0,-0.012000001,0.375
			copytarget = false,false,false,false,false,false
			weaponname = CANNON11,CANNON11,CANNON11,CANNON11,CANNON11,CANNON11
			direction = 4.371139E-8/-0.0/-1.0/0.0/-0.9999998/0.0/1.0/0.0/4.371139E-8/-4.371139E-8/0.0/-1.0/0.0/0.0/0.9999998/0.0/0.0/1.0/-0.0/-4.371139E-8/-0.0/0.0/0.0/0.0/1.0,4.371139E-8/-0.0/-1.0/0.0/-0.9999998/0.0/1.0/0.0/4.371139E-8/-4.371139E-8/0.0/-1.0/0.0/0.0/0.9999998/0.0/0.0/1.0/-0.0/-4.371139E-8/-0.0/0.0/0.0/0.0/1.0,4.371139E-8/-0.0/-1.0/0.0/-0.9999998/0.0/1.0/0.0/4.371139E-8/-4.371139E-8/0.0/-1.0/0.0/0.0/0.9999998/0.0/0.0/1.0/-0.0/-4.371139E-8/-0.0/0.0/0.0/0.0/1.0,4.371139E-8/-0.0/-1.0/0.0/-0.9999998/0.0/1.0/0.0/4.371139E-8/-4.371139E-8/0.0/-1.0/0.0/0.0/0.9999998/0.0/0.0/1.0/-0.0/-4.371139E-8/-0.0/0.0/0.0/0.0/1.0,4.371139E-8/-0.0/-1.0/0.0/-0.9999998/0.0/1.0/0.0/4.371139E-8/-4.371139E-8/0.0/-1.0/0.0/0.0/0.9999998/0.0/0.0/1.0/-0.0/-4.371139E-8/-0.0/0.0/0.0/0.0/1.0,4.371139E-8/-0.0/-1.0/0.0/-0.9999998/0.0/1.0/0.0/4.371139E-8/-4.371139E-8/0.0/-1.0/0.0/0.0/0.9999998/0.0/0.0/1.0/-0.0/-4.371139E-8/-0.0/0.0/0.0/0.0/1.0
		}

		5
		{
			pos = 0.012000001,5.245367E-10,0.375,0.012000001,5.245367E-10,0.375,0.012000001,5.245367E-10,0.375,0.012000001,5.245367E-10,0.375,0.012000001,5.245367E-10,0.375,0.012000001,5.245367E-10,0.375
			copytarget = false,false,false,false,false,false
			weaponname = CANNON11,CANNON11,CANNON11,CANNON11,CANNON11,CANNON11
			direction = -1.9106853E-15/4.371138E-8/-0.99999994/0.9999998/4.371138E-8/0.0/-4.3711385E-8/0.9999999/4.3711385E-8/1.9106853E-15/-0.9999998/4.3711385E-8/0.0/-4.371138E-8/-4.371138E-8/-0.9999999/0.0/0.99999994/0.0/-4.3711385E-8/0.0/0.0/0.0/0.0/1.0,-1.9106853E-15/4.371138E-8/-0.99999994/0.9999998/4.371138E-8/0.0/-4.3711385E-8/0.9999999/4.3711385E-8/1.9106853E-15/-0.9999998/4.3711385E-8/0.0/-4.371138E-8/-4.371138E-8/-0.9999999/0.0/0.99999994/0.0/-4.3711385E-8/0.0/0.0/0.0/0.0/1.0,-1.9106853E-15/4.371138E-8/-0.99999994/0.9999998/4.371138E-8/0.0/-4.3711385E-8/0.9999999/4.3711385E-8/1.9106853E-15/-0.9999998/4.3711385E-8/0.0/-4.371138E-8/-4.371138E-8/-0.9999999/0.0/0.99999994/0.0/-4.3711385E-8/0.0/0.0/0.0/0.0/1.0,-1.9106853E-15/4.371138E-8/-0.99999994/0.9999998/4.371138E-8/0.0/-4.3711385E-8/0.9999999/4.3711385E-8/1.9106853E-15/-0.9999998/4.3711385E-8/0.0/-4.371138E-8/-4.371138E-8/-0.9999999/0.0/0.99999994/0.0/-4.3711385E-8/0.0/0.0/0.0/0.0/1.0,-1.9106853E-15/4.371138E-8/-0.99999994/0.9999998/4.371138E-8/0.0/-4.3711385E-8/0.9999999/4.3711385E-8/1.9106853E-15/-0.9999998/4.3711385E-8/0.0/-4.371138E-8/-4.371138E-8/-0.9999999/0.0/0.99999994/0.0/-4.3711385E-8/0.0/0.0/0.0/0.0/1.0,-1.9106853E-15/4.371138E-8/-0.99999994/0.9999998/4.371138E-8/0.0/-4.3711385E-8/0.9999999/4.3711385E-8/1.9106853E-15/-0.9999998/4.3711385E-8/0.0/-4.371138E-8/-4.371138E-8/-0.9999999/0.0/0.99999994/0.0/-4.3711385E-8/0.0/0.0/0.0/0.0/1.0
		}

		6
		{
			pos = -1.0490734E-9,0.012000001,0.375,-1.0490734E-9,0.012000001,0.375,-1.0490734E-9,0.012000001,0.375,-1.0490734E-9,0.012000001,0.375,-1.0490734E-9,0.012000001,0.375,-1.0490734E-9,0.012000001,0.375
			copytarget = false,false,false,false,false,false
			weaponname = CANNON11,CANNON11,CANNON11,CANNON11,CANNON11,CANNON11
			direction = -4.371138E-8/-3.8213705E-15/-0.9999999/-8.742276E-8/0.9999998/-0.0/-0.9999999/-8.742277E-8/4.371138E-8/4.371138E-8/8.742276E-8/0.9999999/-0.0/3.8213705E-15/-0.9999998/8.742277E-8/0.0/0.9999999/0.0/-4.371138E-8/0.0/0.0/0.0/0.0/1.0,-4.371138E-8/-3.8213705E-15/-0.9999999/-8.742276E-8/0.9999998/-0.0/-0.9999999/-8.742277E-8/4.371138E-8/4.371138E-8/8.742276E-8/0.9999999/-0.0/3.8213705E-15/-0.9999998/8.742277E-8/0.0/0.9999999/0.0/-4.371138E-8/0.0/0.0/0.0/0.0/1.0,-4.371138E-8/-3.8213705E-15/-0.9999999/-8.742276E-8/0.9999998/-0.0/-0.9999999/-8.742277E-8/4.371138E-8/4.371138E-8/8.742276E-8/0.9999999/-0.0/3.8213705E-15/-0.9999998/8.742277E-8/0.0/0.9999999/0.0/-4.371138E-8/0.0/0.0/0.0/0.0/1.0,-4.371138E-8/-3.8213705E-15/-0.9999999/-8.742276E-8/0.9999998/-0.0/-0.9999999/-8.742277E-8/4.371138E-8/4.371138E-8/8.742276E-8/0.9999999/-0.0/3.8213705E-15/-0.9999998/8.742277E-8/0.0/0.9999999/0.0/-4.371138E-8/0.0/0.0/0.0/0.0/1.0,-4.371138E-8/-3.8213705E-15/-0.9999999/-8.742276E-8/0.9999998/-0.0/-0.9999999/-8.742277E-8/4.371138E-8/4.371138E-8/8.742276E-8/0.9999999/-0.0/3.8213705E-15/-0.9999998/8.742277E-8/0.0/0.9999999/0.0/-4.371138E-8/0.0/0.0/0.0/0.0/1.0,-4.371138E-8/-3.8213705E-15/-0.9999999/-8.742276E-8/0.9999998/-0.0/-0.9999999/-8.742277E-8/4.371138E-8/4.371138E-8/8.742276E-8/0.9999999/-0.0/3.8213705E-15/-0.9999998/8.742277E-8/0.0/0.9999999/0.0/-4.371138E-8/0.0/0.0/0.0/0.0/1.0
		}

		7
		{
			pos = -0.012000001,-1.5736102E-9,0.375,-0.012000001,-1.5736102E-9,0.375,-0.012000001,-1.5736102E-9,0.375,-0.012000001,-1.5736102E-9,0.375,-0.012000001,-1.5736102E-9,0.375,-0.012000001,-1.5736102E-9,0.375
			copytarget = false,false,false,false,false,false
			weaponname = CANNON11,CANNON11,CANNON11,CANNON11,CANNON11,CANNON11
			direction = 5.7320558E-15/-4.371138E-8/-0.9999998/-0.9999998/-1.3113414E-7/0.0/1.3113416E-7/-0.9999999/4.3711378E-8/-5.7320558E-15/0.9999998/-1.3113416E-7/0.0/4.371138E-8/1.3113414E-7/0.9999999/0.0/0.9999998/0.0/-4.3711378E-8/0.0/0.0/0.0/0.0/1.0,5.7320558E-15/-4.371138E-8/-0.9999998/-0.9999998/-1.3113414E-7/0.0/1.3113416E-7/-0.9999999/4.3711378E-8/-5.7320558E-15/0.9999998/-1.3113416E-7/0.0/4.371138E-8/1.3113414E-7/0.9999999/0.0/0.9999998/0.0/-4.3711378E-8/0.0/0.0/0.0/0.0/1.0,5.7320558E-15/-4.371138E-8/-0.9999998/-0.9999998/-1.3113414E-7/0.0/1.3113416E-7/-0.9999999/4.3711378E-8/-5.7320558E-15/0.9999998/-1.3113416E-7/0.0/4.371138E-8/1.3113414E-7/0.9999999/0.0/0.9999998/0.0/-4.3711378E-8/0.0/0.0/0.0/0.0/1.0,5.7320558E-15/-4.371138E-8/-0.9999998/-0.9999998/-1.3113414E-7/0.0/1.3113416E-7/-0.9999999/4.3711378E-8/-5.7320558E-15/0.9999998/-1.3113416E-7/0.0/4.371138E-8/1.3113414E-7/0.9999999/0.0/0.9999998/0.0/-4.3711378E-8/0.0/0.0/0.0/0.0/1.0,5.7320558E-15/-4.371138E-8/-0.9999998/-0.9999998/-1.3113414E-7/0.0/1.3113416E-7/-0.9999999/4.3711378E-8/-5.7320558E-15/0.9999998/-1.3113416E-7/0.0/4.371138E-8/1.3113414E-7/0.9999999/0.0/0.9999998/0.0/-4.3711378E-8/0.0/0.0/0.0/0.0/1.0,5.7320558E-15/-4.371138E-8/-0.9999998/-0.9999998/-1.3113414E-7/0.0/1.3113416E-7/-0.9999999/4.3711378E-8/-5.7320558E-15/0.9999998/-1.3113416E-7/0.0/4.371138E-8/1.3113414E-7/0.9999999/0.0/0.9999998/0.0/-4.3711378E-8/0.0/0.0/0.0/0.0/1.0
		}

		8
		{
			pos = 0.0,-0.012000001,-0.223,0.0,-0.012000001,-0.223,0.0,-0.012000001,-0.223,0.0,-0.012000001,-0.223,0.0,-0.012000001,-0.223,0.0,-0.012000001,-0.223
			copytarget = true,true,true,true,true,true
			weaponname = CANNON11,CANNON11,CANNON11,CANNON11,CANNON11,CANNON11
			direction = 4.371139E-8/-0.0/-1.0/0.0/-0.9999998/0.0/1.0/0.0/4.371139E-8/-4.371139E-8/0.0/-1.0/0.0/0.0/0.9999998/0.0/0.0/1.0/-0.0/-4.371139E-8/-0.0/0.0/0.0/0.0/1.0,4.371139E-8/-0.0/-1.0/0.0/-0.9999998/0.0/1.0/0.0/4.371139E-8/-4.371139E-8/0.0/-1.0/0.0/0.0/0.9999998/0.0/0.0/1.0/-0.0/-4.371139E-8/-0.0/0.0/0.0/0.0/1.0,4.371139E-8/-0.0/-1.0/0.0/-0.9999998/0.0/1.0/0.0/4.371139E-8/-4.371139E-8/0.0/-1.0/0.0/0.0/0.9999998/0.0/0.0/1.0/-0.0/-4.371139E-8/-0.0/0.0/0.0/0.0/1.0,4.371139E-8/-0.0/-1.0/0.0/-0.9999998/0.0/1.0/0.0/4.371139E-8/-4.371139E-8/0.0/-1.0/0.0/0.0/0.9999998/0.0/0.0/1.0/-0.0/-4.371139E-8/-0.0/0.0/0.0/0.0/1.0,4.371139E-8/-0.0/-1.0/0.0/-0.9999998/0.0/1.0/0.0/4.371139E-8/-4.371139E-8/0.0/-1.0/0.0/0.0/0.9999998/0.0/0.0/1.0/-0.0/-4.371139E-8/-0.0/0.0/0.0/0.0/1.0,4.371139E-8/-0.0/-1.0/0.0/-0.9999998/0.0/1.0/0.0/4.371139E-8/-4.371139E-8/0.0/-1.0/0.0/0.0/0.9999998/0.0/0.0/1.0/-0.0/-4.371139E-8/-0.0/0.0/0.0/0.0/1.0
		}

		9
		{
			pos = 0.012000001,5.245367E-10,-0.223,0.012000001,5.245367E-10,-0.223,0.012000001,5.245367E-10,-0.223,0.012000001,5.245367E-10,-0.223,0.012000001,5.245367E-10,-0.223,0.012000001,5.245367E-10,-0.223
			copytarget = false,false,false,false,false,false
			weaponname = CANNON11,CANNON11,CANNON11,CANNON11,CANNON11,CANNON11
			direction = -1.9106853E-15/4.371138E-8/-0.99999994/0.9999998/4.371138E-8/0.0/-4.3711385E-8/0.9999999/4.3711385E-8/1.9106853E-15/-0.9999998/4.3711385E-8/0.0/-4.371138E-8/-4.371138E-8/-0.9999999/0.0/0.99999994/0.0/-4.3711385E-8/0.0/0.0/0.0/0.0/1.0,-1.9106853E-15/4.371138E-8/-0.99999994/0.9999998/4.371138E-8/0.0/-4.3711385E-8/0.9999999/4.3711385E-8/1.9106853E-15/-0.9999998/4.3711385E-8/0.0/-4.371138E-8/-4.371138E-8/-0.9999999/0.0/0.99999994/0.0/-4.3711385E-8/0.0/0.0/0.0/0.0/1.0,-1.9106853E-15/4.371138E-8/-0.99999994/0.9999998/4.371138E-8/0.0/-4.3711385E-8/0.9999999/4.3711385E-8/1.9106853E-15/-0.9999998/4.3711385E-8/0.0/-4.371138E-8/-4.371138E-8/-0.9999999/0.0/0.99999994/0.0/-4.3711385E-8/0.0/0.0/0.0/0.0/1.0,-1.9106853E-15/4.371138E-8/-0.99999994/0.9999998/4.371138E-8/0.0/-4.3711385E-8/0.9999999/4.3711385E-8/1.9106853E-15/-0.9999998/4.3711385E-8/0.0/-4.371138E-8/-4.371138E-8/-0.9999999/0.0/0.99999994/0.0/-4.3711385E-8/0.0/0.0/0.0/0.0/1.0,-1.9106853E-15/4.371138E-8/-0.99999994/0.9999998/4.371138E-8/0.0/-4.3711385E-8/0.9999999/4.3711385E-8/1.9106853E-15/-0.9999998/4.3711385E-8/0.0/-4.371138E-8/-4.371138E-8/-0.9999999/0.0/0.99999994/0.0/-4.3711385E-8/0.0/0.0/0.0/0.0/1.0,-1.9106853E-15/4.371138E-8/-0.99999994/0.9999998/4.371138E-8/0.0/-4.3711385E-8/0.9999999/4.3711385E-8/1.9106853E-15/-0.9999998/4.3711385E-8/0.0/-4.371138E-8/-4.371138E-8/-0.9999999/0.0/0.99999994/0.0/-4.3711385E-8/0.0/0.0/0.0/0.0/1.0
		}

		10
		{
			pos = -1.0490734E-9,0.012000001,-0.223,-1.0490734E-9,0.012000001,-0.223,-1.0490734E-9,0.012000001,-0.223,-1.0490734E-9,0.012000001,-0.223,-1.0490734E-9,0.012000001,-0.223,-1.0490734E-9,0.012000001,-0.223
			copytarget = true,true,true,true,true,true
			weaponname = CANNON11,CANNON11,CANNON11,CANNON11,CANNON11,CANNON11
			direction = -4.371138E-8/-3.8213705E-15/-0.9999999/-8.742276E-8/0.9999998/-0.0/-0.9999999/-8.742277E-8/4.371138E-8/4.371138E-8/8.742276E-8/0.9999999/-0.0/3.8213705E-15/-0.9999998/8.742277E-8/0.0/0.9999999/0.0/-4.371138E-8/0.0/0.0/0.0/0.0/1.0,-4.371138E-8/-3.8213705E-15/-0.9999999/-8.742276E-8/0.9999998/-0.0/-0.9999999/-8.742277E-8/4.371138E-8/4.371138E-8/8.742276E-8/0.9999999/-0.0/3.8213705E-15/-0.9999998/8.742277E-8/0.0/0.9999999/0.0/-4.371138E-8/0.0/0.0/0.0/0.0/1.0,-4.371138E-8/-3.8213705E-15/-0.9999999/-8.742276E-8/0.9999998/-0.0/-0.9999999/-8.742277E-8/4.371138E-8/4.371138E-8/8.742276E-8/0.9999999/-0.0/3.8213705E-15/-0.9999998/8.742277E-8/0.0/0.9999999/0.0/-4.371138E-8/0.0/0.0/0.0/0.0/1.0,-4.371138E-8/-3.8213705E-15/-0.9999999/-8.742276E-8/0.9999998/-0.0/-0.9999999/-8.742277E-8/4.371138E-8/4.371138E-8/8.742276E-8/0.9999999/-0.0/3.8213705E-15/-0.9999998/8.742277E-8/0.0/0.9999999/0.0/-4.371138E-8/0.0/0.0/0.0/0.0/1.0,-4.371138E-8/-3.8213705E-15/-0.9999999/-8.742276E-8/0.9999998/-0.0/-0.9999999/-8.742277E-8/4.371138E-8/4.371138E-8/8.742276E-8/0.9999999/-0.0/3.8213705E-15/-0.9999998/8.742277E-8/0.0/0.9999999/0.0/-4.371138E-8/0.0/0.0/0.0/0.0/1.0,-4.371138E-8/-3.8213705E-15/-0.9999999/-8.742276E-8/0.9999998/-0.0/-0.9999999/-8.742277E-8/4.371138E-8/4.371138E-8/8.742276E-8/0.9999999/-0.0/3.8213705E-15/-0.9999998/8.742277E-8/0.0/0.9999999/0.0/-4.371138E-8/0.0/0.0/0.0/0.0/1.0
		}

		11
		{
			pos = -0.012000001,-1.5736102E-9,-0.223,-0.012000001,-1.5736102E-9,-0.223,-0.012000001,-1.5736102E-9,-0.223,-0.012000001,-1.5736102E-9,-0.223,-0.012000001,-1.5736102E-9,-0.223,-0.012000001,-1.5736102E-9,-0.223
			copytarget = false,false,false,false,false,false
			weaponname = CANNON11,CANNON11,CANNON11,CANNON11,CANNON11,CANNON11
			direction = 5.7320558E-15/-4.371138E-8/-0.9999998/-0.9999998/-1.3113414E-7/0.0/1.3113416E-7/-0.9999999/4.3711378E-8/-5.7320558E-15/0.9999998/-1.3113416E-7/0.0/4.371138E-8/1.3113414E-7/0.9999999/0.0/0.9999998/0.0/-4.3711378E-8/0.0/0.0/0.0/0.0/1.0,5.7320558E-15/-4.371138E-8/-0.9999998/-0.9999998/-1.3113414E-7/0.0/1.3113416E-7/-0.9999999/4.3711378E-8/-5.7320558E-15/0.9999998/-1.3113416E-7/0.0/4.371138E-8/1.3113414E-7/0.9999999/0.0/0.9999998/0.0/-4.3711378E-8/0.0/0.0/0.0/0.0/1.0,5.7320558E-15/-4.371138E-8/-0.9999998/-0.9999998/-1.3113414E-7/0.0/1.3113416E-7/-0.9999999/4.3711378E-8/-5.7320558E-15/0.9999998/-1.3113416E-7/0.0/4.371138E-8/1.3113414E-7/0.9999999/0.0/0.9999998/0.0/-4.3711378E-8/0.0/0.0/0.0/0.0/1.0,5.7320558E-15/-4.371138E-8/-0.9999998/-0.9999998/-1.3113414E-7/0.0/1.3113416E-7/-0.9999999/4.3711378E-8/-5.7320558E-15/0.9999998/-1.3113416E-7/0.0/4.371138E-8/1.3113414E-7/0.9999999/0.0/0.9999998/0.0/-4.3711378E-8/0.0/0.0/0.0/0.0/1.0,5.7320558E-15/-4.371138E-8/-0.9999998/-0.9999998/-1.3113414E-7/0.0/1.3113416E-7/-0.9999999/4.3711378E-8/-5.7320558E-15/0.9999998/-1.3113416E-7/0.0/4.371138E-8/1.3113414E-7/0.9999999/0.0/0.9999998/0.0/-4.3711378E-8/0.0/0.0/0.0/0.0/1.0,5.7320558E-15/-4.371138E-8/-0.9999998/-0.9999998/-1.3113414E-7/0.0/1.3113416E-7/-0.9999999/4.3711378E-8/-5.7320558E-15/0.9999998/-1.3113416E-7/0.0/4.371138E-8/1.3113414E-7/0.9999999/0.0/0.9999998/0.0/-4.3711378E-8/0.0/0.0/0.0/0.0/1.0
		}

		12
		{
			pos = 0.0,-0.012000001,-0.375,0.0,-0.012000001,-0.375,0.0,-0.012000001,-0.375,0.0,-0.012000001,-0.375,0.0,-0.012000001,-0.375,0.0,-0.012000001,-0.375
			copytarget = false,false,false,false,false,false
			weaponname = CANNON11,CANNON11,CANNON11,CANNON11,CANNON11,CANNON11
			direction = 4.371139E-8/-0.0/-1.0/0.0/-0.9999998/0.0/1.0/0.0/4.371139E-8/-4.371139E-8/0.0/-1.0/0.0/0.0/0.9999998/0.0/0.0/1.0/-0.0/-4.371139E-8/-0.0/0.0/0.0/0.0/1.0,4.371139E-8/-0.0/-1.0/0.0/-0.9999998/0.0/1.0/0.0/4.371139E-8/-4.371139E-8/0.0/-1.0/0.0/0.0/0.9999998/0.0/0.0/1.0/-0.0/-4.371139E-8/-0.0/0.0/0.0/0.0/1.0,4.371139E-8/-0.0/-1.0/0.0/-0.9999998/0.0/1.0/0.0/4.371139E-8/-4.371139E-8/0.0/-1.0/0.0/0.0/0.9999998/0.0/0.0/1.0/-0.0/-4.371139E-8/-0.0/0.0/0.0/0.0/1.0,4.371139E-8/-0.0/-1.0/0.0/-0.9999998/0.0/1.0/0.0/4.371139E-8/-4.371139E-8/0.0/-1.0/0.0/0.0/0.9999998/0.0/0.0/1.0/-0.0/-4.371139E-8/-0.0/0.0/0.0/0.0/1.0,4.371139E-8/-0.0/-1.0/0.0/-0.9999998/0.0/1.0/0.0/4.371139E-8/-4.371139E-8/0.0/-1.0/0.0/0.0/0.9999998/0.0/0.0/1.0/-0.0/-4.371139E-8/-0.0/0.0/0.0/0.0/1.0,4.371139E-8/-0.0/-1.0/0.0/-0.9999998/0.0/1.0/0.0/4.371139E-8/-4.371139E-8/0.0/-1.0/0.0/0.0/0.9999998/0.0/0.0/1.0/-0.0/-4.371139E-8/-0.0/0.0/0.0/0.0/1.0
		}

		13
		{
			pos = 0.012000001,5.245367E-10,-0.375,0.012000001,5.245367E-10,-0.375,0.012000001,5.245367E-10,-0.375,0.012000001,5.245367E-10,-0.375,0.012000001,5.245367E-10,-0.375,0.012000001,5.245367E-10,-0.375
			copytarget = false,false,false,false,false,false
			weaponname = CANNON11,CANNON11,CANNON11,CANNON11,CANNON11,CANNON11
			direction = -1.9106853E-15/4.371138E-8/-0.99999994/0.9999998/4.371138E-8/0.0/-4.3711385E-8/0.9999999/4.3711385E-8/1.9106853E-15/-0.9999998/4.3711385E-8/0.0/-4.371138E-8/-4.371138E-8/-0.9999999/0.0/0.99999994/0.0/-4.3711385E-8/0.0/0.0/0.0/0.0/1.0,-1.9106853E-15/4.371138E-8/-0.99999994/0.9999998/4.371138E-8/0.0/-4.3711385E-8/0.9999999/4.3711385E-8/1.9106853E-15/-0.9999998/4.3711385E-8/0.0/-4.371138E-8/-4.371138E-8/-0.9999999/0.0/0.99999994/0.0/-4.3711385E-8/0.0/0.0/0.0/0.0/1.0,-1.9106853E-15/4.371138E-8/-0.99999994/0.9999998/4.371138E-8/0.0/-4.3711385E-8/0.9999999/4.3711385E-8/1.9106853E-15/-0.9999998/4.3711385E-8/0.0/-4.371138E-8/-4.371138E-8/-0.9999999/0.0/0.99999994/0.0/-4.3711385E-8/0.0/0.0/0.0/0.0/1.0,-1.9106853E-15/4.371138E-8/-0.99999994/0.9999998/4.371138E-8/0.0/-4.3711385E-8/0.9999999/4.3711385E-8/1.9106853E-15/-0.9999998/4.3711385E-8/0.0/-4.371138E-8/-4.371138E-8/-0.9999999/0.0/0.99999994/0.0/-4.3711385E-8/0.0/0.0/0.0/0.0/1.0,-1.9106853E-15/4.371138E-8/-0.99999994/0.9999998/4.371138E-8/0.0/-4.3711385E-8/0.9999999/4.3711385E-8/1.9106853E-15/-0.9999998/4.3711385E-8/0.0/-4.371138E-8/-4.371138E-8/-0.9999999/0.0/0.99999994/0.0/-4.3711385E-8/0.0/0.0/0.0/0.0/1.0,-1.9106853E-15/4.371138E-8/-0.99999994/0.9999998/4.371138E-8/0.0/-4.3711385E-8/0.9999999/4.3711385E-8/1.9106853E-15/-0.9999998/4.3711385E-8/0.0/-4.371138E-8/-4.371138E-8/-0.9999999/0.0/0.99999994/0.0/-4.3711385E-8/0.0/0.0/0.0/0.0/1.0
		}

		14
		{
			pos = -1.0490734E-9,0.012000001,-0.375,-1.0490734E-9,0.012000001,-0.375,-1.0490734E-9,0.012000001,-0.375,-1.0490734E-9,0.012000001,-0.375,-1.0490734E-9,0.012000001,-0.375,-1.0490734E-9,0.012000001,-0.375
			copytarget = false,false,false,false,false,false
			weaponname = CANNON11,CANNON11,CANNON11,CANNON11,CANNON11,CANNON11
			direction = -4.371138E-8/-3.8213705E-15/-0.9999999/-8.742276E-8/0.9999998/-0.0/-0.9999999/-8.742277E-8/4.371138E-8/4.371138E-8/8.742276E-8/0.9999999/-0.0/3.8213705E-15/-0.9999998/8.742277E-8/0.0/0.9999999/0.0/-4.371138E-8/0.0/0.0/0.0/0.0/1.0,-4.371138E-8/-3.8213705E-15/-0.9999999/-8.742276E-8/0.9999998/-0.0/-0.9999999/-8.742277E-8/4.371138E-8/4.371138E-8/8.742276E-8/0.9999999/-0.0/3.8213705E-15/-0.9999998/8.742277E-8/0.0/0.9999999/0.0/-4.371138E-8/0.0/0.0/0.0/0.0/1.0,-4.371138E-8/-3.8213705E-15/-0.9999999/-8.742276E-8/0.9999998/-0.0/-0.9999999/-8.742277E-8/4.371138E-8/4.371138E-8/8.742276E-8/0.9999999/-0.0/3.8213705E-15/-0.9999998/8.742277E-8/0.0/0.9999999/0.0/-4.371138E-8/0.0/0.0/0.0/0.0/1.0,-4.371138E-8/-3.8213705E-15/-0.9999999/-8.742276E-8/0.9999998/-0.0/-0.9999999/-8.742277E-8/4.371138E-8/4.371138E-8/8.742276E-8/0.9999999/-0.0/3.8213705E-15/-0.9999998/8.742277E-8/0.0/0.9999999/0.0/-4.371138E-8/0.0/0.0/0.0/0.0/1.0,-4.371138E-8/-3.8213705E-15/-0.9999999/-8.742276E-8/0.9999998/-0.0/-0.9999999/-8.742277E-8/4.371138E-8/4.371138E-8/8.742276E-8/0.9999999/-0.0/3.8213705E-15/-0.9999998/8.742277E-8/0.0/0.9999999/0.0/-4.371138E-8/0.0/0.0/0.0/0.0/1.0,-4.371138E-8/-3.8213705E-15/-0.9999999/-8.742276E-8/0.9999998/-0.0/-0.9999999/-8.742277E-8/4.371138E-8/4.371138E-8/8.742276E-8/0.9999999/-0.0/3.8213705E-15/-0.9999998/8.742277E-8/0.0/0.9999999/0.0/-4.371138E-8/0.0/0.0/0.0/0.0/1.0
		}

		15
		{
			pos = -0.012000001,-1.5736102E-9,-0.375,-0.012000001,-1.5736102E-9,-0.375,-0.012000001,-1.5736102E-9,-0.375,-0.012000001,-1.5736102E-9,-0.375,-0.012000001,-1.5736102E-9,-0.375,-0.012000001,-1.5736102E-9,-0.375
			copytarget = false,false,false,false,false,false
			weaponname = CANNON11,CANNON11,CANNON11,CANNON11,CANNON11,CANNON11
			direction = 5.7320558E-15/-4.371138E-8/-0.9999998/-0.9999998/-1.3113414E-7/0.0/1.3113416E-7/-0.9999999/4.3711378E-8/-5.7320558E-15/0.9999998/-1.3113416E-7/0.0/4.371138E-8/1.3113414E-7/0.9999999/0.0/0.9999998/0.0/-4.3711378E-8/0.0/0.0/0.0/0.0/1.0,5.7320558E-15/-4.371138E-8/-0.9999998/-0.9999998/-1.3113414E-7/0.0/1.3113416E-7/-0.9999999/4.3711378E-8/-5.7320558E-15/0.9999998/-1.3113416E-7/0.0/4.371138E-8/1.3113414E-7/0.9999999/0.0/0.9999998/0.0/-4.3711378E-8/0.0/0.0/0.0/0.0/1.0,5.7320558E-15/-4.371138E-8/-0.9999998/-0.9999998/-1.3113414E-7/0.0/1.3113416E-7/-0.9999999/4.3711378E-8/-5.7320558E-15/0.9999998/-1.3113416E-7/0.0/4.371138E-8/1.3113414E-7/0.9999999/0.0/0.9999998/0.0/-4.3711378E-8/0.0/0.0/0.0/0.0/1.0,5.7320558E-15/-4.371138E-8/-0.9999998/-0.9999998/-1.3113414E-7/0.0/1.3113416E-7/-0.9999999/4.3711378E-8/-5.7320558E-15/0.9999998/-1.3113416E-7/0.0/4.371138E-8/1.3113414E-7/0.9999999/0.0/0.9999998/0.0/-4.3711378E-8/0.0/0.0/0.0/0.0/1.0,5.7320558E-15/-4.371138E-8/-0.9999998/-0.9999998/-1.3113414E-7/0.0/1.3113416E-7/-0.9999999/4.3711378E-8/-5.7320558E-15/0.9999998/-1.3113416E-7/0.0/4.371138E-8/1.3113414E-7/0.9999999/0.0/0.9999998/0.0/-4.3711378E-8/0.0/0.0/0.0/0.0/1.0,5.7320558E-15/-4.371138E-8/-0.9999998/-0.9999998/-1.3113414E-7/0.0/1.3113416E-7/-0.9999999/4.3711378E-8/-5.7320558E-15/0.9999998/-1.3113416E-7/0.0/4.371138E-8/1.3113414E-7/0.9999999/0.0/0.9999998/0.0/-4.3711378E-8/0.0/0.0/0.0/0.0/1.0
		}

		16
		{
			pos = 0.0,-0.198,0.0,0.0,-0.198,0.0,0.0,-0.198,0.0,0.0,-0.198,0.0,0.0,-0.198,0.0,0.0,-0.198,0.0
			copytarget = false,false,false,false,false,false
			weaponname = LAUNCHER4,LAUNCHER4,LAUNCHER4,LAUNCHER4,LAUNCHER4,LAUNCHER4
			direction = -0.99999994/0.0/0.0/0.0/4.371139E-8/1.0/-0.0/-1.0/4.371139E-8/0.99999994/0.0/0.0/0.0/0.0/-4.371139E-8/1.0/0.0/-0.0/-1.0/-4.371139E-8/-0.0/0.0/0.0/0.0/1.0,-0.99999994/0.0/0.0/0.0/4.371139E-8/1.0/-0.0/-1.0/4.371139E-8/0.99999994/0.0/0.0/0.0/0.0/-4.371139E-8/1.0/0.0/-0.0/-1.0/-4.371139E-8/-0.0/0.0/0.0/0.0/1.0,-0.99999994/0.0/0.0/0.0/4.371139E-8/1.0/-0.0/-1.0/4.371139E-8/0.99999994/0.0/0.0/0.0/0.0/-4.371139E-8/1.0/0.0/-0.0/-1.0/-4.371139E-8/-0.0/0.0/0.0/0.0/1.0,-0.99999994/0.0/0.0/0.0/4.371139E-8/1.0/-0.0/-1.0/4.371139E-8/0.99999994/0.0/0.0/0.0/0.0/-4.371139E-8/1.0/0.0/-0.0/-1.0/-4.371139E-8/-0.0/0.0/0.0/0.0/1.0,-0.99999994/0.0/0.0/0.0/4.371139E-8/1.0/-0.0/-1.0/4.371139E-8/0.99999994/0.0/0.0/0.0/0.0/-4.371139E-8/1.0/0.0/-0.0/-1.0/-4.371139E-8/-0.0/0.0/0.0/0.0/1.0,-0.99999994/0.0/0.0/0.0/4.371139E-8/1.0/-0.0/-1.0/4.371139E-8/0.99999994/0.0/0.0/0.0/0.0/-4.371139E-8/1.0/0.0/-0.0/-1.0/-4.371139E-8/-0.0/0.0/0.0/0.0/1.0
		}

		17
		{
			pos = 0.0,0.198,0.0,0.0,0.198,0.0,0.0,0.198,0.0,0.0,0.198,0.0,0.0,0.198,0.0,0.0,0.198,0.0
			copytarget = true,true,true,true,true,true
			weaponname = LAUNCHER4,LAUNCHER4,LAUNCHER4,LAUNCHER4,LAUNCHER4,LAUNCHER4
			direction = -0.9999998/0.0/0.0/0.0/4.371139E-8/-1.0/0.0/1.0/4.371139E-8/0.9999998/0.0/0.0/0.0/-0.0/-4.371139E-8/-1.0/-0.0/0.0/1.0/-4.371139E-8/0.0/0.0/0.0/0.0/1.0,-0.9999998/0.0/0.0/0.0/4.371139E-8/-1.0/0.0/1.0/4.371139E-8/0.9999998/0.0/0.0/0.0/-0.0/-4.371139E-8/-1.0/-0.0/0.0/1.0/-4.371139E-8/0.0/0.0/0.0/0.0/1.0,-0.9999998/0.0/0.0/0.0/4.371139E-8/-1.0/0.0/1.0/4.371139E-8/0.9999998/0.0/0.0/0.0/-0.0/-4.371139E-8/-1.0/-0.0/0.0/1.0/-4.371139E-8/0.0/0.0/0.0/0.0/1.0,-0.9999998/0.0/0.0/0.0/4.371139E-8/-1.0/0.0/1.0/4.371139E-8/0.9999998/0.0/0.0/0.0/-0.0/-4.371139E-8/-1.0/-0.0/0.0/1.0/-4.371139E-8/0.0/0.0/0.0/0.0/1.0,-0.9999998/0.0/0.0/0.0/4.371139E-8/-1.0/0.0/1.0/4.371139E-8/0.9999998/0.0/0.0/0.0/-0.0/-4.371139E-8/-1.0/-0.0/0.0/1.0/-4.371139E-8/0.0/0.0/0.0/0.0/1.0,-0.9999998/0.0/0.0/0.0/4.371139E-8/-1.0/0.0/1.0/4.371139E-8/0.9999998/0.0/0.0/0.0/-0.0/-4.371139E-8/-1.0/-0.0/0.0/1.0/-4.371139E-8/0.0/0.0/0.0/0.0/1.0
		}
	}

	port
	{
		0
		{
			pos = 0.14500001,-0.089999996,-0.105,0.14500001,-0.089999996,-0.105,0.14500001,-0.089999996,-0.105,0.14500001,-0.089999996,-0.105,0.14500001,-0.089999996,-0.105,0.14500001,-0.089999996,-0.105
			size = 0.0,125.0,0.0,125.0,0.0,125.0,0.0,125.0,0.0,125.0,0.0,125.0
			visible = false,false,false,false,false,false
			rotation = 0.0,0.0,0.0,0.0,0.0,0.0
		}

		1
		{
			pos = -0.085,0.175,0.055000003,-0.085,0.175,0.055000003,-0.085,0.175,0.055000003,-0.085,0.175,0.055000003,-0.085,0.175,0.055000003,-0.085,0.175,0.055000003
			size = 0.0,125.0,0.0,125.0,0.0,125.0,0.0,125.0,0.0,125.0,0.0,125.0
			visible = false,false,false,false,false,false
			rotation = 0.0,0.0,0.0,0.0,0.0,0.0
		}

		2
		{
			pos = 0.14500001,-0.089999996,-0.105,0.14500001,-0.089999996,-0.105,0.14500001,-0.089999996,-0.105,0.14500001,-0.089999996,-0.105,0.14500001,-0.089999996,-0.105,0.14500001,-0.089999996,-0.105
			size = 0.0,125.0,0.0,125.0,0.0,125.0,0.0,125.0,0.0,125.0,0.0,125.0
			visible = false,false,false,false,false,false
			rotation = 0.0,0.0,0.0,0.0,0.0,0.0
		}

		3
		{
			pos = 0.14500001,-0.089999996,-0.105,0.14500001,-0.089999996,-0.105,0.14500001,-0.089999996,-0.105,0.14500001,-0.089999996,-0.105,0.14500001,-0.089999996,-0.105,0.14500001,-0.089999996,-0.105
			size = 0.0,125.0,0.0,125.0,0.0,125.0,0.0,125.0,0.0,125.0,0.0,125.0
			visible = false,false,false,false,false,false
			rotation = 0.0,0.0,0.0,0.0,0.0,0.0
		}

		4
		{
			pos = 0.14500001,-0.089999996,-0.105,0.14500001,-0.089999996,-0.105,0.14500001,-0.089999996,-0.105,0.14500001,-0.089999996,-0.105,0.14500001,-0.089999996,-0.105,0.14500001,-0.089999996,-0.105
			size = 0.0,125.0,0.0,125.0,0.0,125.0,0.0,125.0,0.0,125.0,0.0,125.0
			visible = false,false,false,false,false,false
			rotation = 0.0,0.0,0.0,0.0,0.0,0.0
		}

		5
		{
			pos = 0.14500001,-0.089999996,-0.105,0.14500001,-0.089999996,-0.105,0.14500001,-0.089999996,-0.105,0.14500001,-0.089999996,-0.105,0.14500001,-0.089999996,-0.105,0.14500001,-0.089999996,-0.105
			size = 0.0,125.0,0.0,125.0,0.0,125.0,0.0,125.0,0.0,125.0,0.0,125.0
			visible = false,false,false,false,false,false
			rotation = 0.0,0.0,0.0,0.0,0.0,0.0
		}

		6
		{
			pos = 0.14500001,-0.089999996,-0.105,0.14500001,-0.089999996,-0.105,0.14500001,-0.089999996,-0.105,0.14500001,-0.089999996,-0.105,0.14500001,-0.089999996,-0.105,0.14500001,-0.089999996,-0.105
			size = 0.0,125.0,0.0,125.0,0.0,125.0,0.0,125.0,0.0,125.0,0.0,125.0
			visible = false,false,false,false,false,false
			rotation = 0.0,0.0,0.0,0.0,0.0,0.0
		}

		7
		{
			pos = 0.14500001,-0.089999996,-0.105,0.14500001,-0.089999996,-0.105,0.14500001,-0.089999996,-0.105,0.14500001,-0.089999996,-0.105,0.14500001,-0.089999996,-0.105,0.14500001,-0.089999996,-0.105
			size = 0.0,125.0,0.0,125.0,0.0,125.0,0.0,125.0,0.0,125.0,0.0,125.0
			visible = false,false,false,false,false,false
			rotation = 0.0,0.0,0.0,0.0,0.0,0.0
		}

		8
		{
			pos = 0.14500001,-0.089999996,-0.105,0.14500001,-0.089999996,-0.105,0.14500001,-0.089999996,-0.105,0.14500001,-0.089999996,-0.105,0.14500001,-0.089999996,-0.105,0.14500001,-0.089999996,-0.105
			size = 0.0,125.0,0.0,125.0,0.0,125.0,0.0,125.0,0.0,125.0,0.0,125.0
			visible = false,false,false,false,false,false
			rotation = 0.0,0.0,0.0,0.0,0.0,0.0
		}

		9
		{
			pos = -0.085,0.175,0.055000003,-0.085,0.175,0.055000003,-0.085,0.175,0.055000003,-0.085,0.175,0.055000003,-0.085,0.175,0.055000003,-0.085,0.175,0.055000003
			size = 0.0,125.0,0.0,125.0,0.0,125.0,0.0,125.0,0.0,125.0,0.0,125.0
			visible = false,false,false,false,false,false
			rotation = 0.0,0.0,0.0,0.0,0.0,0.0
		}

		10
		{
			pos = -0.085,0.175,0.055000003,-0.085,0.175,0.055000003,-0.085,0.175,0.055000003,-0.085,0.175,0.055000003,-0.085,0.175,0.055000003,-0.085,0.175,0.055000003
			size = 0.0,125.0,0.0,125.0,0.0,125.0,0.0,125.0,0.0,125.0,0.0,125.0
			visible = false,false,false,false,false,false
			rotation = 0.0,0.0,0.0,0.0,0.0,0.0
		}

		11
		{
			pos = -0.085,0.175,0.055000003,-0.085,0.175,0.055000003,-0.085,0.175,0.055000003,-0.085,0.175,0.055000003,-0.085,0.175,0.055000003,-0.085,0.175,0.055000003
			size = 0.0,125.0,0.0,125.0,0.0,125.0,0.0,125.0,0.0,125.0,0.0,125.0
			visible = false,false,false,false,false,false
			rotation = 0.0,0.0,0.0,0.0,0.0,0.0
		}

		12
		{
			pos = -0.085,0.175,0.055000003,-0.085,0.175,0.055000003,-0.085,0.175,0.055000003,-0.085,0.175,0.055000003,-0.085,0.175,0.055000003,-0.085,0.175,0.055000003
			size = 0.0,125.0,0.0,125.0,0.0,125.0,0.0,125.0,0.0,125.0,0.0,125.0
			visible = false,false,false,false,false,false
			rotation = 0.0,0.0,0.0,0.0,0.0,0.0
		}

		13
		{
			pos = -0.085,0.175,0.055000003,-0.085,0.175,0.055000003,-0.085,0.175,0.055000003,-0.085,0.175,0.055000003,-0.085,0.175,0.055000003,-0.085,0.175,0.055000003
			size = 0.0,125.0,0.0,125.0,0.0,125.0,0.0,125.0,0.0,125.0,0.0,125.0
			visible = false,false,false,false,false,false
			rotation = 0.0,0.0,0.0,0.0,0.0,0.0
		}

		14
		{
			pos = -0.085,0.175,0.055000003,-0.085,0.175,0.055000003,-0.085,0.175,0.055000003,-0.085,0.175,0.055000003,-0.085,0.175,0.055000003,-0.085,0.175,0.055000003
			size = 0.0,125.0,0.0,125.0,0.0,125.0,0.0,125.0,0.0,125.0,0.0,125.0
			visible = false,false,false,false,false,false
			rotation = 0.0,0.0,0.0,0.0,0.0,0.0
		}

		15
		{
			pos = -0.085,0.175,0.055000003,-0.085,0.175,0.055000003,-0.085,0.175,0.055000003,-0.085,0.175,0.055000003,-0.085,0.175,0.055000003,-0.085,0.175,0.055000003
			size = 0.0,125.0,0.0,125.0,0.0,125.0,0.0,125.0,0.0,125.0,0.0,125.0
			visible = false,false,false,false,false,false
			rotation = 0.0,0.0,0.0,0.0,0.0,0.0
		}
	}
	thrust = 
	container = 
}

model
{
	uselight = true,true,true,true,true,true
	metal = STATION/3m,STATION/3m,STATION/3m,STATION/3m,STATION/3m,STATION/3m
	glass = STATION/3g,STATION/3g,STATION/3g,STATION/3g,STATION/3g,STATION/3g
}

thrust
{
	model = ,
	texture = ,
}
